

x = [0.00009408886403064747,0.00013722466313675395,0.00013743409830581032,0.0001454909849386289,0.00015426964183024123,0.00015932307579417953,0.00016206232868232624,0.00016318042165422032,0.00017686308190512098,0.00018038027572122515,0.00018038027572123182,0.00018146832355200851,0.00018187726817907201,0.00018291290040326331,0.00018339614028559087,0.0001837384103977985,0.00018604424985194497,0.000188062138221387,0.00018860709311256278,0.00018927654552180253,0.00018927654552180253,0.0001901500857121265,0.00019129335385897653,0.00019138183506225222,0.0001924505498675647,0.00019278519485904497,0.00019292268335682918,0.00019298456944874507,0.0001939302334962464,0.00019771174287035582,0.00019919530211003726,0.00020034112558147302,0.00020150472799819745,0.0002018109959585759,0.00020216604073332398,0.00020289097854865362,0.00020349521167257616,0.00020409886731418813,0.00020426432646505964,0.00020536650452508714,0.00020545377574264292,0.00020549235405795178,0.00020562495282938127,0.00020738523512712012,0.00020751797238180723,0.0002082360582692113,0.00020890787641496267,0.00020905822729747398,0.00020910514032008754,0.000209319379815866,0.00020933857772811965,0.00020943972848744933,0.0002102764890400407,0.00021245265784314892,0.00021372149759850168,0.00021408963151562342,0.00021586516427704318,0.00021632975753419647,0.00021642010934856234,0.00021678054303608105,0.00021680226299872467,0.00021697678887115085,0.00021751339931520342,0.00021775880601096383,0.00021956489807031148,0.0002196444454681926,0.00021987521803005432,0.00022075145091696112,0.0002211034060755449,0.0002218597338433744,0.00022231441609633925,0.00022321336692117752,0.00022389068521468228,0.00022401836561800572,0.00022446298435571335,0.0002246738957558404,0.0002258289661535696,0.0002261959182861618,0.0002269743248509569,0.00022715709823910058,0.00022761342423552422,0.00022805687107457299,0.00022830863958289604,0.00022892975473225128,0.00023063177763243248,0.00023142199078992346,0.00023324755231510065,0.00023393267025177868,0.00023445357497920116,0.00023450970411186895,0.00023456359066145862,0.00023551181162704461,0.00023568777983708845,0.00023570146329457498,0.00023604043740754445,0.0002362412182841383,0.000236388967223774,0.0002365778022101112,0.00023754008870163312,0.0002380565317214371,0.0002380654620131839,0.00024005543037098026,0.0002403861286909522,0.00024270941749382998,0.00024277322229737056,0.00024437443043264005,0.00024494716938866696,0.0002451207755103842,0.0002453348409481862,0.00024577682625993223,0.000247273835699574,0.0002475313483475132,0.0002487805499321993,0.0002491231634730226,0.0002492858811883274,0.000249961780005189,0.0002502732848425015,0.00025060484339866436,0.0002524250442128752,0.0002529395301521868,0.00025352871387869877,0.0002538898392329885,0.0002544306440448329,0.0002550642049542042,0.0002556666590614831,0.00025619215989650264,0.0002570862981746373,0.000257880030211983,0.00025793249045408,0.000258084745124092,0.0002583531305522116,0.00025850951701199157,0.0002586615486031393,0.0002594095415670175,0.00025973646990105827,0.00025996285763908624,0.00026010232088931497,0.0002601545926591615,0.0002606095630172448,0.0002610163134529358,0.0002611393987117295,0.0002613685210103956,0.0002631757098051701,0.00026366187488094064,0.00026509118159961546,0.00026518823201593535,0.0002652196460038887,0.00026555792178236174,0.00026654928869302753,0.00026680963506962776,0.000267027499232759,0.00026936754461876335,0.0002705989773244291,0.0002712663141599695,0.00027180146963507736,0.0002724106095049875,0.00027264603504828874,0.0002731575243442588,0.00027379809407018394,0.0002760873439843094,0.0002767251165484259,0.0002770691432945694,0.0002772137981269409,0.00027749555887085487,0.0002778802567048655,0.00027958717697348424,0.0002799634319733252,0.00028016530821046873,0.0002802807048459514,0.0002807603285417795,0.000280864592488827,0.00028092965521498575,0.00028126042197243386,0.00028175300721298513,0.00028228298371695237,0.0002828817787307696,0.00028298771261117933,0.00028322288884398015,0.00028346895025019384,0.00028394713841541324,0.00028434581360706196,0.0002844485534887273,0.0002844571423657479,0.00028457420068916657,0.0002849871327247947,0.0002850669229753404,0.0002851880685438042,0.0002854500872953286,0.0002863326355178452,0.00028635151485130353,0.00028640174922331656,0.00028678082325428943,0.00028699691320454646,0.0002870456563945677,0.00028720845692155995,0.00028770994032601885,0.00028910190476764123,0.00028942927110221843,0.0002900124760745515,0.0002904924477956332,0.0002911598542794966,0.0002919068374584302,0.0002921931740162261,0.00029237813047014715,0.0002923838039957989,0.00029259709778449525,0.00029276126237197213,0.0002930436785985783,0.0002935928819101061,0.00029378260961664197,0.00029421116959058615,0.0002946445880640354,0.00029502627265801345,0.00029511920570085196,0.0002957496192839412,0.00029670992365925686,0.000296844979143838,0.00029804343531850553,0.00029899648561308083,0.0002990927135374642,0.00029931557099304763,0.00029994427993183337,0.0003003820083731564,0.00030046009889386023,0.00030065732999003613,0.0003006613775941904,0.00030074892707424624,0.00030103787894212653,0.00030136594041297053,0.00030159614211596613,0.0003016658553603864,0.0003019757197274727,0.00030222746243795665,0.0003027205624512952,0.0003035241002244571,0.00030447627758687436,0.00030464068464803755,0.00030466876102256427,0.0003047888777174603,0.0003050321274653477,0.0003056819955410532,0.0003059722640283444,0.00030660118919368653,0.0003066954586572861,0.0003067078066552358,0.00030722953351566005,0.00030823472887646104,0.0003082412133131269,0.0003086318072903609,0.00030940912923586785,0.0003101924322866778,0.00031095475229895653,0.0003109600791620137,0.0003110279694244983,0.00031105893930058747,0.00031113272122618814,0.0003115945110662761,0.00031195063962222467,0.00031199507905548603,0.00031228871336253086,0.0003123687603204172,0.0003125061415054847,0.00031291230534015934,0.00031292352979426374,0.00031322475845253593,0.0003133203669276123,0.0003133237667944182,0.0003133877529716832,0.0003133877529716832,0.000314393414555944,0.00031449332409923107,0.00031514352852662604,0.00031568594784913155,0.00031582085711175475,0.0003159088099951907,0.00031671701821891563,0.00031690530329535696,0.00031703123424331404,0.0003171954935534298,0.00031731721598595667,0.0003173675207500838,0.0003177969220940261,0.00031798299078972063,0.0003180491613749446,0.0003182016059206069,0.00031884249511781074,0.0003190164734773735,0.0003190823116231515,0.0003192405314273013,0.00031930815169394644,0.00031967831709596716,0.00032043624958804745,0.00032083243814535366,0.00032086349729021823,0.0003209032511566329,0.00032103029562432475,0.0003213133403076883,0.00032143934866270946,0.0003217269975847898,0.0003226101553093047,0.00032298931125815763,0.00032344335434199533,0.0003234716067758577,0.00032352919794293773,0.00032364821365965773,0.00032379178453192253,0.00032394007409725935,0.0003239674254632352,0.00032463895484033075,0.0003246946182845459,0.00032494657933516995,0.00032519125017355197,0.0003252601842008783,0.0003258520751959937,0.0003265972964102312,0.0003271956505472429,0.000327596974184784,0.0003282067208453464,0.00032823108261492684,0.00032887594418629123,0.00032890251349171573,0.0003289075269382144,0.0003291920387920511,0.0003293365972579766,0.00032948456993994594,0.0003300249538975192,0.0003304945810709933,0.0003309509135336516,0.0003316874960186049,0.0003331651712278998,0.00033337986945392104,0.00033380665027060746,0.0003346227042591322,0.0003348259076058193,0.0003349948715190655,0.0003350718961814293,0.0003351572820556371,0.0003352301505228971,0.0003357680808312173,0.0003360553475749963,0.00033625409828187236,0.00033637474680639273,0.00033646263521574783,0.0003364880685754267,0.00033668834537212513,0.0003377439764065952,0.00033799811700098214,0.0003388908424136656,0.00033894934023918417,0.0003389539654654782,0.0003394969284091337,0.0003398169097565287,0.0003398675705348914,0.00034142229051351686,