
x1 = [0,0.00015544015886949556,0.20631566241569246,0.34961427912468246,0.38297155843240444,0.39515697394132526,0.3201834917495157,0.27263230621174533,0.22104958350792261,0.21207464565439507,0.22116757422823632,0.18953482073435238,0.16543715761485742,0.1474462646324426,0.13649243090223412,0.13137685597111726,0.11857951103488283,0.10756477852981984,0.10253211780024367,0.10025650425843911,0.0930268153385119,0.09025708456296588,0.08318686010955281,0.07769370718171444,0.07262698884751714,0.07157763965008118,0.06668522308062569,0.06675433678072819,0.0658394436720054,0.061660511656786064,0.05939160699998761,0.06257490058580552,0.06336896160332296,0.06448010511800621,0.06538327695730452,0.06307946994437391,0.07025206983910967,0.06730217420135387,0.06601003187598863,0.06777420282493257,0.06624946625943624,0.06525120459242696,0.06585699812304412,0.06465898376224563,0.0631170086888427,0.06489654170341455,0.06568451860344987,0.065882738255275,0.06487887158372653];

x2 = [-4.976476079326826e-17,0.029616481443245805,0.12056620050714031,0.10985585348395184,0.08322491758664037,0.07934760122113102,0.06403337550041842,0.17422577230450184,0.14252725703244137,0.12100310490355884,0.1126058654866914,0.10025919052846637,0.09371096673885555,0.08493389468336905,0.0770629864014241,0.0954701830802236,0.0863130448731196,0.0773752693072233,0.07270486937837613,0.08217818215769702,0.08509393141981914,0.08111305969820294,0.07507573628056598,0.07440370583298274,0.07191370897598404,0.07015516279044448,0.06520210401652818,0.06899436805297136,0.07113994929300368,0.06677178064363702,0.06353118362795496,0.06058580379665396,0.05702396467554988,0.05408240808227759,0.05819793966687759,0.0645109468376297,0.06605344319899822,0.06571120476453572,0.06415178784232269,0.062391215756493444,0.06393920194000433,0.0656243754689006,0.0689832983748101,0.06636614145708736,0.06629317079859139,0.06573682021130325,0.06970533961197227,0.06749794734085109,0.06695895788349514];

x3 = [5.605691670386438e-18,0.18429658562919113,0.7187110632256632,0.7543548556401388,0.5326119306828058,0.4335948008428544,0.3472691952397625,0.2924401225080841,0.250266367158203,0.21085698434944575,0.2092049605853586,0.21081324428855505,0.18312993233677288,0.15843334424092678,0.1716446115193002,0.1654323129733042,0.16688191043877612,0.14867425545090956,0.13297626247958838,0.11971277560988008,0.11324449584406006,0.10873038098191783,0.10325155622214069,0.09545477938623162,0.08801472844830169,0.08098138595006212,0.0750899905566704,0.07037205047806873,0.06558269415074183,0.0629303983978687,0.06202267957108955,0.058251941642488855,0.0548535824368162,0.053826844291067204,0.053740973708190566,0.05479933715650614,0.057929461200622354,0.05586370152446713,0.0564322523327511,0.06113797967851236,0.06097924736763426,0.059514028389453896,0.057639395788912876,0.060617480995864795,0.06017235496156625,0.06032685604509072,0.05828817912804287,0.06106698290147455,0.06362009161985696];


% plane
x1 = [3.863118962352613e-17,0.11493123133246003,0.7435986629044767,0.6705918529724497,0.3965904355925109,0.4086935770150257,0.3267417811065259,0.4963042460291951,0.6618609394903545,0.6878519108594562,0.7275010092131611,0.7722462325894384,0.6408609637661805,0.7003542807227644,0.6019521774032414,0.5301422569295975,0.47007942273225684,0.4290867394661523,0.3856004661375302,0.4031943576788205,0.40813089307358213,0.3884329684565414,0.3742975701205163,0.34581891921549024,0.31934756482189885,0.3087040943292972,0.29942361126939054,0.27983314529002573,0.2613565887147168,0.24694940270884527,0.23107253603541034,0.22477779868663533,0.21308011602595736,0.2074307885044367,0.1955053792821411,0.1863068837000578,0.18131758341261953,0.1728267743922406,0.16355035002776241,0.1564502565328181,0.14917827201191503,0.14216644915292273,0.13596260809553445,0.12986214427300768,0.12447545771359099,0.11973213141931258,0.11747014064663452,0.11223220202911297,0.11048343730551259,0.10610982558686459,0.10226523918661364,0.09831866637414874,0.0970478330473243,0.09435054498013692,0.0917993698764769,0.08839577191298639,0.08613305173633834,0.08467465186008771,0.08362702503662264,0.08135337950720865,0.07880729911745257,0.07648294275113464,0.07529094897124511,0.0730459096071418,0.07161752859148172,0.06938412704839672,0.06745819963066524,0.06533108846809614,0.06374767475943804,0.06243449122929703,0.060672333016271514,0.05914775424737336,0.05766141663834863,0.05616910412622238,0.05470027083582352,0.05338732284240871,0.05295444416150103,0.05158542326552882,0.05051730465354353,0.04929653056528109,0.04805677747036164,0.04718581694677877,0.04615259960641769,0.045064959960804084,0.04396204560130824,0.04316127172784234,0.04217390471491759,0.04115954180255466,0.0401735828247086,0.03927759242504705,0.03842399977654791,0.0376011159843146,0.037068821895518946,0.03631532134691218,0.03568552181806038,0.035030844505719944,0.03433788798400016,0.03358711131599616,0.03285355834693224];

x2 = [0,0.006758224166026684,0.00679430017815025,0.12761431811638665,0.11821032173521281,0.35260047683866375,0.49405499235765005,0.5943346337490351,0.6597260083691426,0.5259452743929313,0.46210021187017986,0.35967950136928994,0.293548626231101,0.2496959302781439,0.24755520399474956,0.23777731022057663,0.2187634482763108,0.19448843901663307,0.17855402737520518,0.17845456394418774,0.1630233855687191,0.1534364270603463,0.13928391234276374,0.127214983710878,0.11692592446983725,0.10976422155261539,0.10276520505816289,0.0954728668769459,0.08912597911561039,0.08478596874933068,0.08154553961742096,0.07611163610144331,0.07134936457616388,0.06900713574359978,0.06580280175941086,0.06392890850405385,0.060272293667725935,0.05699649541018698,0.05491276662941552,0.052892778084205505,0.0505245709576421,0.047780636219066565,0.045829245935529755,0.04398971554172986,0.04185870603552439,0.039946947838248904,0.0384187635808082,0.03666244003017465,0.03567359954303328,0.03413242041965927,0.03266125906110447,0.0317568150761273,0.030422185324274383,0.02924059407008068,0.02843657620349115,0.02725442738812332,0.02657409015521944,0.02604578255224629,0.02513754874316736,0.024497875204256673,0.02361821804101696,0.022803461448568135,0.02198680513832744,0.021332767369786797,0.020971449488394227,0.020486839019070526,0.020105826312202587,0.01946502502586954,0.018927522732952513,0.018374579520253183,0.017805342259673635,0.01756723233069539,0.017182191374233786,0.01667287975968711,0.016167595787707805,0.0157458367680406,0.015287269025703942,0.01490041009867759,0.01451029341917984,0.01421277186539688,0.013825182824841098,0.013507052059658325,0.01314929208154625,0.012816502747183952,0.01264664811768704,0.012374786996548636,0.012087826482987266,0.011889191814198057,0.011647078890326222,0.011375478000548483,0.011159803459454306,0.010918144843559668,0.010740601941014956,0.010479164096245979,0.0102701646933377,0.010051138836611958,0.00985294895092582,0.009710649941466722,0.009489078934060705];

