% bins2.m


bins = [2.365802863282894,3.6833411589698346,2.462456967677368,2.3480430237499963,0.8143188564426607,0.8532055949291788,0.7491553985021169,0.6989989828927343];

bins = [1.4599929654115018,1.8602920354763945,0.9634951823956214,1.4820146791104765,0.8833720559006802,0.8213997076390588,0.7917471967381181,1.3232100353398657];


bins = [0.5049192679386392,0.333209266219108,0.6498474049710676,0.7459851467295278,0.5317787536595093,0.5500130256942838,0.42384964349286924,0.5305291944702349,0.23069676108492734,0.5070019736768565,1.0565980737809315,0.6432769519787495,0.48281579332841457,0.10489412280846515,0.13237407265849233,0.2515720955285016];



bins = [1.1140047301128824,0.4981337807110487,1.088932557374314,0.8877183123662514,0.5024534573917655,0.6234182297598114,0.8229450055644079,0.8372584178410005,0.7425540370356775,1.0056965354112735,1.9964311562587767,0.6018943329090202,0.7320157337826648,0.22925213572249792,0.5093149015216555,0.7225713148807348];


binsA = [0.8868904513572067,0.6461470863336085,0.40396889278403897,0.19542400147268577,0.12850439921136902,0.559872036691883,0.23632329636837193,0.7187090321888382,0.3070112892444916,0.33966031582849665,0.5830339526196904,0.3575030940277173,0.7867808136571077,0.5439058495646186,0.4433642511155823,0.217095847482762];
binsB = [0.3928839175706891,0.2903842483380359,1.118934347372814,0.22381678893712934,0.10759732663241592,0.1749321709661828,0.16827915357674172,0.4661266097164157,0.286277086723273,0.30201637648770724,0.5418325746301602,0.33083972823989977,0.5477953217737948,0.40866981038785666,0.5075718376807584,0.3551906166577465];





binsA = [0.046541128205787013,0.030331437016753945,0.18712704090032486,0.7088463968856284,1.8438266379158188,0.5943324892766475,0.10882056306131407,0.2652386647069857,0.1673889868284174,0.13552729215065898,0.23658990482918701,0.7042255696752053,0.35798354458958836,0.35655572979986094,0.1432709580650094,0.061322057826925874];
binsB = [0.02470822499384617,0.11620376240688993,0.2342551316678662,0.16574458322745186,0.4466857873482018,0.1550338490702213,0.25372492166217575,0.2379903124838032,0.07157348846350058,0.16001366997429656,0.24938503182075,1.877672868601317,0.7533399392779775,0.09196154865866302,0.037171613679203706,0.023152663783401143];


binsA = [0.12200659124102523,0.0567398581634166,0.20937840197419041,0.4818018726245695,0.4282083226997802,0.18784883729144455,0.11165471275702725,0.3052485433268387,0.08470299157668343,0.13617172878145564,0.4573982190487226,0.2538877859465699,5.83668315862533,0.40078979293591377,0.16257981214207964,0.09042032012267293];
binsB = [0.1853873888753792,0.13467503282260476,0.14854871542532458,0.7050918720768845,0.03485528417659177,0.19922440303087008,0.3403401299459609,0.1899151642025858,0.157963520511623,0.015313896763984505,0.10322422940163221,0.14556872057385983,1.464011289573867,0.43951512452955344,0.3807642576497061,0.798301195900426];



binsA = [6.312830941080801e-18,7.761411200467165e-30,2.4858425779648003e-24,6.030619208281648e-16,0.000007993206089096865,0.001172662841320659,0.00004563678854349215,0.020297575968266788,0.013381692514964296,0.031136402938418854,1.5366796120561623e-7,0.08261075429752336,0.06664027622201017,5.290502036883621e-11,0,0];
binsB = [0,0,0,0.000024397111923805327,0.000004443924393707831,0.0003454631574800218,3.6971942741405723e-16,3.6772790761635403e-10,3.3064525868876567e-12,0.000044759063554648994,0.0017393982215426458,0.2884089937709502,0.06350359640613054,4.230048244646491e-11,0,0];

binsA = [6.312830941080801e-18,0,0,7.761411200467165e-30,2.485676907544237e-24,0,1.6567042056298506e-28,0,6.030619208281648e-16,4.135879814049419e-8,0.000007951847247085807,0.0007581895962986227,0.000414472908250127,1.479557048435112e-7,2.829826478341379e-28,0.00004548917041498468,0.01833597858164607,0.0019615973858601596,0.009636946572432711,0.0037447459406804175,1.8511671521125814e-12,0.030849944134804425,0.0002864588036144279,1.5366796120561623e-7,0.027167309411297046,0.051458722550979025,0.003984722335247302,0.01912077311857235,0.04158976675810814,0.005929736398107446,1.2728064330378655e-13,0,0,0,0,0];
binsB = [0,0,0,0,0,0,0,9.205365322208761e-7,0.000023476575391584453,4.5822839742743014e-7,0.000003865281557917884,0.00032649403397835624,0.000018860017616970127,2.2952032305793617e-7,3.697187883719195e-16,6.392629229039894e-22,3.6772790760229486e-10,1.4058924192045028e-20,6.848751795186417e-25,1.280937460407769e-13,8.424338407562562e-12,0.000030217513310217654,0.0010278189929806424,0.00005525501631278298,0.005990845889897758,0.02193999477386989,0.26114901886443015,0.0635035952708561,1.1344063579634281e-9,8.681330974924616e-13,4.2297014509123056e-11,3.418188982224525e-15,0,0,0,0];

binsA = [0.00033834399127212456,0,0,0.000057375761552257425,0.00023901190107016737,0,0.00008230716510014918,0,0.002172206528820242,0.12282465776428156,0.18168055067253377,0.1658713535158758,0.06563643139728775,0.057256309179204615,0.00008964373805696096,0.10076368475676749,0.1679880794876514,0.3233647144548809,0.3092930923149743,0.17918611371083804,0.0039008874320024737,0.11186875714066927,0.0742478206838377,0.026721954400969673,0.11631461798385664,0.18901049412634377,0.26215135873290835,0.4771029976138103,0.23200523778092066,0.11127065657397364,0.0013203189316878681,0,0,0,0,0];
binsB = [0,0,0,0,0,0,0,0.00834736674534816,0.03636697059545889,0.029498461255362263,0.1861936692230199,0.09028723419892376,0.03633395695429825,0.019844621073534213,0.0033646422050202496,0.0020714156770532816,0.015084493529205266,0.0016736209303202742,0.0006194155053585327,0.008520632819683205,0.02152727651364436,0.1596680596592491,0.21326020724085867,0.18829986291847128,0.3220379419486722,0.4488827199983203,1.4533702913881685,0.20976792196570154,0.03856597917378591,0.019396716351521893,0.007864923278323513,0.004188267751607049,0,0,0,0];



binsA = [0.45580822434132695,0.20809965315207735,0.7256750813578996,0.9035585675066032,0.6012208274078565,1.0076597577948727,0.7574374560740963,0.049640555058270724,0.2089915078511485,0.35198826516922627,0.059396484183788276,0.07923442097791424,0.30077224624406873,1.8541327249019177,0.5553579055649267,0.3492462216768913,0.1396645494833591,0.016845006871622516,0.22545585332986837,0.08781468893483381,0.09022476011156128,0.14821875215515576,1.1917670555279631,0.5951741194055055,0.05910788253330805,0.023107030644895433,0.09159123096299743,0.03417721926673991,0.027179172476302887,0.05588341443795572,0.07468212565333258,0.23315589690417243,0.1641256492302242,0.697837215508941,1.3673410194388151,0.5902876961023733];
binsB = [0,0,0,0,0,0,0,0.02076348944698495,0.15212748692566108,0.18397149036011523,1.2900184000740096,0.7004256794481816,0.40288738750268416,0.07615164191313731,0.08453088548092288,0.249332868339587,0.26650285075641855,0.10193105308063649,0.09749135862130007,0.10747882207374283,0.5425914430031533,0.8026003107358403,0.9287939510237446,0.701881853240939,0.8581520095409982,0.9790960451553663,2.5342658912219345,0.8199116945907832,0.35366299728306627,0.30024271614664183,0.08413206701444584,0.12571070044001087,0,0,0,0];



binsA = [0,0.007984944448224278,0,0,0.01760383300226984,0,0.02380767641175816,0,0.019277775148593253,0,0.0391340716203385,0,0.8621633573460767,0.9158010065285547,0.5806048525784665,0.45654279361669814,0.010359810756508289,0.26053962671665654,0.21656285198728595,0,0.604197006359523,0.4049815512258477,0.67003358730754,0.8530306304270608,0.48929554981027357,0.4787883557361355,0.39691018769802683,0.07679691381622736,0.2688423275535644,0.19413181839159124,0.06900273424927841,0.10212118264120942,0,0.32055831954326186,0.3744110716994809,0.5695592918576822,1.1767963529484535,0.8464581671927799,0.26583418840261674,0.11097428588203694,0.01325166655593324,0,0,0,0,0,0,0];
