% cellError.m

x = [1.1011560350048495,0.5172904851819261,0.43617838639381773,0.3657538049636915,0.5556982405237924,0.34078777252738757,0.13967796060081547,0.11177021129108683,0.12759577702748795,0.14001415649424034,0.3071008157906255,0.4976786508847992,0.47057870740629115,0.4534814077527565,0.43527144960891406,0.2987937869192163,0.3905040876897411,0.2753243118727775,0.35776541453298355,0.39197846275414244,0.39821399650963396,0.21590435299887853,0.12308863464902929,0.12381380204205666,0.13899750070253808,0.15108434317082578,0.2678397866296165,0.37735760462450807,0.23261724365046993,0.25487372299064465,0.27397025880075077,0.22741645039681718,0.331645985034539,0.31837117166864054,0.36619471512293905,0.31495380561989555,0.21022143261328968,0.30161327045744285,0.16502976212995288,0.16642195215433708,0.2607384418643219,0.3487688585684779,0.29494148271454546,0.17460505237595325,0.16531645354993857,0.1749694063090782,0.21655426940386358,0.3732269883001685,0.28782179152782755,0.2630517671872218,0.258095395734582,0.16897340796863114,0.3302991728269658,0.35571259112794207,0.3120894575887806,0.5889657822598573,0.5215088025827129,0.4202028715057842,0.15327622854653758,0.1832174374340753,0.3165111448368202,0.2565423232973696,0.23246778772779525,0.17096695575041435,0.17026799884745655,0.21093729470367067,0.23683719824853847,0.21827161251219898,0.33776315660048095,0.5285288675407193,0.37350015665418534,0.3940585165030842,0.31136265107821665,0.24265717315292826,0.21491044827175512,0.2787655613211471,0.3442424237184718,0.2538821499749136,0.17677164531564213,0.15617960751155266,0.2183240172540264,0.22976345053652797,0.1824468668679306,0.25137385593110095,0.3755620424780594,0.351713016563072,0.4254097109868051,0.2762661129363951,0.21074044806117212,0.41496705061960903,0.3736867808518556,0.2460129332601025,0.15695111330706513,0.20476239412805547,0.19292160889423926,0.12961102036987474,0.19160836172795814,0.15971592397463208,0.17982968432345361,0.151819782891807,0.30880463267049907,0.32959511169991046,0.31945064262349093,0.36025708576985954,0.42868245741848,0.1845330042244271,0.28751539726266484,0.3752304789019435,0.22642316910393318,0.16755413277420894,0.19167070189653362,0.09867269797324973,0.10991327627843774,0.10786106972911504,0.11287172576387858,0.09001549049341195,0.11110538171535422,0.17691657705615402,0.19147293546402916,0.26222590444678173,0.35154062498140354,0.2729221001856332,0.25525802044913953,0.30270100813894957,0.22353435910307656,0.17285252365164042,0.16324888768987234,0.1867627894044638,0.1448852645860478,0.13488992609579842,0.11570901362570904,0.07703942615780578,0.0785521371575741,0.08244713184044664,0.09184693883718907,0.13353020028176352,0.1787388057373206,0.25676325124205107,0.255316802314895,0.245118521623237,0.2541604045493967,0.23063127492064164,0.1685687768977391,0.15396943773814845,0.15912695317144723,0.06754009526710218,0.09878273351735228,0.08158076312631703,0.06896737561022166,0.06367373636248963,0.06397470166033327,0.10415234955848013,0.13277007412634248,0.10192632971946497,0.15360113228451092,0.18478356822698078,0.26731515550363716,0.2511538229001522,0.24103655175733954,0.20959685990326896,0.1985289438786163,0.15142151060376566,0.0906147934431028,0.08957259626202614,0.09444406038973198,0.08612721757740467,0.06341412422009864,0.08123012103482619,0.05997288123996784,0.1295643243470749,0.1492364624808387,0.1062564157910714,0.10466833622720995,0.15783050288019865,0.23414870389366924,0.2857429890019945,0.23092716346293332,0.24659581455001497,0.22464341291218717,0.18935420809639286,0.06605207915321916,0.1189650023374138,0.12493713624769666,0.13201279712928396,0.134610000923401,0.10585415614037402,0.10253642697548261,0.1267664254833768,0.18553571146479783,0.33561185367522334,0.32084395925182135,0.24393774634349596,0.268559493753801,0.2079692534045621,0.04973427903617315,0.13202408159972517,0.11687589943399128,0.11004983926216812,0.1425418455358589,0.16927240933435875,0.2907507858612432,0.3707524134869258,0.31075921988166705,0.29376187004407106,0.32557577466031684];

