% cmp1.m



% 0.24910545886592858 +/- 13.167679240395138 = 26.584463939656207 @ 332
% 0.008255114802461636 +/- 14.200189771868788 = 28.408634658540038 @ 325
% 0.23327582507498476 +/- 28.638449908206635 = 57.51017564148825 @ 302
% 0.04480929421537243 +/- 23.998572264695188 = 48.041953823605745 @ 300
% 0.18505964743310122 +/- 12.55023008018812 = 25.28551980780934 @ 271


x_0 = [3.9559684684825154,3.8042794195254426,9.565977213159963,2.595744439435848,25.53616343775188,6.9026945997869165,3.1617395969725464,8.598349922787664,10.827827369214091,12.100538789698732,10.738255470459434,5.600610465738622,11.945626419250518,12.405992553700962,13.049961774897602,12.935071199351047,12.63063990527737,2.122634519706581,19.039425076350312,28.85217661088218,11.921797428915436,11.009540444958825,3.96738210985888,11.362088637054958,6.806159511921354,12.117185378358327,11.113765464026192,13.010024920022154,11.650497651286004,12.388328113141908,11.596411146774138,9.62464597631401,17.77850749565501,12.159611054792919,13.273707003438018,12.889274966153963,11.84067184008265,5.845208404688652,7.183204906925003,2.3936371697713046,14.843085724167548,9.247537017260287,4.697078893065834,6.841228171365038,0.2607052119940034,4.840114434192241,1.2830274137772173,7.683871203514385,4.527871445559687,6.2383783595803415,7.13199091513349,8.175454437761926,3.7818871884853307,10.721746884884924,0.9701065211583039,17.73760885624755,12.730631972821204,14.301324086474418,13.631440030177249,14.157096793795041,13.968466986419381,8.560246467003902,6.0245722644950295,9.097243134237818,14.54118325431644,13.045897922540554,9.496668956306573,13.487831878136959,13.771037658461756,12.542877182450697,12.35251648491761,13.739209568766059,14.358093195538801,14.06846701652449,9.042820693090476,16.7253007330031,0.9356797612926246,8.359158430642927,7.075163202699262,16.597943824554463,8.114908560013573,8.260159740121757,2.67674810622059,3.7811990514824374,5.718011863713636,4.814390938428317,5.0814174363104865,8.758620298570863,17.785035212825804,12.406311258071842,10.187657755391605,13.341574592416624,12.821999623389052,12.073006373003352,13.025409654011547,62.70467989709543,14.386885876774128,12.157663038665666,12.119725668942525,12.799333801796747,10.751896722134713,12.600349066714168,12.72237703627427,12.130173848706429,12.579685472349496,25.096139336651333,12.62162240273761,9.456582873708836,11.278417753000097,13.529063340881388,13.312718442858042,14.227747682617137,12.950628362503007,12.519174028506848,13.184912676868406,13.058243841994644,13.319271599880672,12.942035099522538,16.146574790145337,15.411807171510183,14.513725996254717,14.126822390272489,13.965310872929958,31.418157215835823,15.060708967797884,14.556516774800883,20.636422149566467,12.90733814485824,13.390412119939834,12.953864807464843,11.849344040000316,2.6864532527888305,10.210734888230284,13.755475741333251,11.86732417617335,13.246833978161384,13.064773452359283,13.172296910170862,12.881851430565531,10.182186602889068,12.799163242337645,13.416815464880129,14.685738974696585,14.158938813545705,13.416623238341591,13.609533319480244,13.023614747088748,9.59835855378448,12.543693153863336,13.560326827781816,13.204362395695977,0.6887395874730504,12.777527144361244,29.61530384453186,12.229625301221756,12.051003539360318,12.85308426191535,12.89113127527679,6.6086812425323105,5.814883718555014,10.141199415238065,2.3802430791168434,7.855093742204411,9.20933252098031,12.029544678316352,12.397485100899125,13.230853711430559,13.213975810529378,12.068862327908908,12.042166262804725,11.972177482840147,12.552760535701376,11.401484356977976,7.147082834845611,10.990402036443916,6.2111954604460795,9.999941477554396,2.8969321572816664,18.989559552425867,7.819857387539723,10.203862972310656,5.4608940084456545,0.8052919379501725,12.535449214223297,12.085098047151423,11.861409557333523,16.385533169086763,15.217214022040325,4.0008590284066985,25.335084156742127,12.102245539442084,1.4282560039677468,14.644238413866937,8.821497539157564,9.905997665167012,5.296039313591956,3.7044280168917476,11.374524196874345,13.065058411865854,4.53807044243685,1.973057881546244,15.060149003980406,19.87227866741949,10.014084600892803,1.130841818641575,4.6583949151766575,8.28830637597915,9.9206076682815,3.3506446350051107,15.777367987887638,10.169500087143142,9.811271134920448,9.363295941593801,12.299708862987625,9.985176193187757,11.50618390536407,17.239072975825906,18.20346891678786,17.937060976123927,12.830484681402389,14.59232542268506,12.135133194188999,17.19177948732178,5.396757287988863,12.780597154655025,7.785597898645427,6.035696360346244,23.160355818209105,15.196848061184935,5.31422370431216,1.9219354799033352,4.226410144740642,19.44639561775136,9.020326404897666,7.349339601042273,4.813602392502458,2.3441211589819737,10.937680536737568,24.727393379101084,9.142761575649606,17.07803404050263,15.405260608533334,7.3158923966711615,15.017930963710436,5.689187365679426,22.080768202050454,8.698931059746027,26.546375256971462,13.089027657787764,2.7285076544443947,4.099479306351004,14.298384460607993,25.01142600533094,10.967652245429475,9.372520303480087,8.471924334460029,8.386131034968418,3.289464712359593,8.262626129236873,11.698611803223756,9.510822060007904,10.345899483350776,9.107146527046254,11.233621495322298,15.111739796199602,10.63239854989055,3.6481458115474577,4.758761938205898,16.24242687780769,8.74137707848576,4.5091643680086015,21.773176236596132,25.754831208267333,15.679000650328918,15.295905976846049,16.790535066272692,17.939432317682012,15.734151588596065,15.255589326135343,15.886593132974282,9.502930822232727,11.059885314057903,12.51789940268859,11.421451753555003,0.5160611410868277,10.496388465991597,1.2395190690032982,9.674410269235308,17.560759977365723,13.039411491994548,25.317427927389176,13.893815789991486,13.79100020856016,14.507312075011534,14.580276305061206,12.562231673370224,30.305675295449536,13.629523165319902,19.85885132432057,13.691957425689978,14.985233456376298,12.642537133766085,13.289456965252624,13.809308883410065,3.8571695147017704,7.203383554474004,34.261485548325815,13.891361393338098,20.64572709515649,22.09399432842227,23.513672537090187,9.060253570669303,5.518775339479879,9.46598637970145,32.624842939016354,3.4038866657035847,0.9428791537848596,21.20068128781161,0.30867854890918367,22.11770521751066,3.6449886364413606,21.012318615390534,12.369933023000053,12.084622771161131,0.24910545886592858,4.6286458752607516,0.9907409716187047,9.089160755263098,8.368501453798054,16.182516213660165,17.609671526927798,17.5148671172575];

