% cols.m


% color Lab
x = [0.20177282626639095,0.23370888388662353,0.34988144508730146,0.3576061597627119,0.3627206129336411,0.37645196155440425,0.41528746468005745,0.4157397969442998,0.4175294395477134,0.41781489356261575,0.41840683748781304,0.4252602242569146,0.42738224560273613,0.434523641222929,0.4393138228075876,0.4394857865299009,0.44651087968723363,0.4476745904460752,0.4615982402715242,0.46865772531047595,0.46959412551913104,0.48618046916084307,0.4971827089582746,0.499541723128865,0.5078730761267017,0.508154588042354,0.510933290702224,0.526265899458984,0.5335751322498669,0.533986828367799,0.5412803367967772,0.5457573747330189,0.5518263823494663,0.552860664768127,0.5546835583408559,0.5567120459838616,0.5589646643546267,0.5616309251857624,0.5692984794207784,0.5762940521995371,0.5841628344995212,0.5872660098694701,0.587527665552897,0.5910028737868268,0.6065366743113468,0.6101820617020963,0.6142065548285226,0.6144312708000356,0.6213073957958826,0.6298934126367283,0.6386419841775424,0.6403777863757159,0.6508240758751342,0.6680352719224307,0.6688126881436963,0.6695953568477684,0.6837065444478292,0.6852007954477735,0.6946206516834453,0.6993095196170012,0.7021755838860503,0.7066244453407838,0.7079709037714937,0.7083409999626865,0.721231245053527,0.7237989555847255,0.727227714557958,0.7299367431122019,0.7530675119653718,0.773049485969181,0.7732790871554273,0.7805818518483895,0.787767918668044,0.793547830256844,0.8087967124978221,0.8187293039236064,0.8194049127315339,0.8249921635608112,0.8276744985327094,0.8330392126935209,0.8393042354063217,0.8393483052108719,0.8429245688698728,0.8576306612144755,0.8601265958128128,0.8624301601858513,0.874920827853105,0.8755744493834365,0.8802215029114977,0.8861386934484735,0.8960220048394909,0.9149447786322491,0.9193593228863873,0.9195653366010424,0.9296281789642059,0.9446510737357895,0.9513819075523394,0.961087180036533,0.9766507903252671,1.0022677399131046];

% 5x5 hist
x = [24,24,26,26,28,28,28,28,28,28,28,28,28,28,28,28,28,28,28,28,28,28,28,28,28,28,28,28,28,28,28,28,28,28,28,28,28,28,28,28,28,28,28,28,28,28,28,28,28,28,28,28,28,28,28,28,28,28,28,28,28,28,28,28,28,28,28,28,28,28,28,28,28,28,28,28,28,28,28,28,28,28,28,28,28,28,28,28,28,28,28,28,28,28,28,28,28,28,28,28];

% flatHistogram
x = [130,140,146,152,152,158,158,158,164,178,178,178,180,180,182,186,186,188,188,188,188,188,188,188,188,188,188,188,188,188,188,188,188,190,190,190,190,190,190,190,190,190,190,190,190,190,190,190,190,190,190,190,190,190,190,190,192,192,192,192,192,192,192,192,192,192,192,192,192,192,192,192,192,192,192,192,192,192,192,192,192,192,192,192,192,192,192,192,192,192,194,194,194,194,194,194,194,194,194,194,194,194,194,194,194,194,194,194,194,194,194,194,194,194,194,194,194,194,194,194,194,194,194];


% flatOrientated
x = [0.49097492463970815,0.5043962577566209,0.5193676708607603,0.528360529651571,0.5377593307002331,0.5391546894207265,0.539349756629086,0.551911971154288,0.5536280940409225,0.5665081185852833,0.5702680870601736,0.5709164755986792,0.5885867788951712,0.5903812956046899,0.6356600660499812,0.6373086142848579,0.6391426702764141,0.6462189316106031,0.6556970982700344,0.6591159391253401,0.6604614965319975,0.6693785843999854,0.6705459636726155,0.7073739084052328,0.7139775234985503,0.726477640239828,0.7460108163492454,0.7481380449416057,0.7493049808402564,0.7628622192514231,0.7726360744344827,0.774781933091355,0.7916262625566043,0.7961932005769754,0.7962855848175386,0.8008624181924127,0.8009335584648826,0.801018655888175,0.8058067941281799,0.814214671964099,0.8202602993550613,0.8214931511155109,0.822417548486296,0.8249839349186395,0.8298799260224947,0.8446779678492686,0.851733138198727,0.8524224236424053,0.8602378196373869,0.8730303691818468,0.8873691774922968,0.8931250977079614,0.8945953328398079,0.8947012065888229,0.9022792580474962,0.9036857547149386,0.915746456484842,0.9317826712168639,0.9513820008241051,0.9521295793321092,0.9655883851503086,0.9755923220884651,0.9769122010933277,0.9797464842909337,0.9868947986691542,0.9954951832898724,0.9999125259608441,1.009020203774418,1.0113037940735976,1.0147257999507022,1.01538281599578,1.0207485841229895,1.0288086870705873,1.034751008567033,1.0362037704280964,1.0374582721617183,1.0394655418702452,1.0419976224155814,1.0441432488236388,1.053360043239845,1.0568599816635833,1.0582328899403592,1.0667573494036453,1.0708760967581705,1.0734649000303353,1.0801451741882833,1.0812648107240752,1.0814213788308993,1.088435200727342,1.090155567077543,1.0907032412988429,1.0948540505785045,1.1033537378446354,1.1054856407695293,1.1105831311616137,1.1253015784894487,1.1451213317442779,1.1521865294186695,1.1569275635268095,1.191833393331987];

% flatOrientated
x = [0.16055656405312546,0.24052376831071962,0.2633682982968098,0.2814480797901454,0.28711107548722165,0.31619863234766277,0.3408020717043084,0.3456048461815932,0.3566321465729544,0.36322462248592985,0.36959117165871835,0.3699738907520152,0.3751532583290216,0.3825504420140693,0.38461392697404434,0.38882178055131317,0.39031797750722,0.394976936809718,0.39527512236489015,0.398676012833535,0.4012867143742104,0.4032088874953153,0.4132424524270589,0.41444213407369096,0.41707043550038186,0.4403199283463608,0.44625943749202457,0.4488235128833954,0.4604320418649967,0.46127008473768066,0.4672346438954484,0.4706662937308138,0.47101657034441,0.4849265720521221,0.48943319304822885,0.4935492696920572,0.49955747431221736,0.5075260472241209,0.5130313448780371,0.5235438501667473,0.5321275698640162,0.5390544382033815,0.5458222952193489,0.5501607750486068,0.5519427195497049,0.5520865975221358,0.5566191888835756,0.5820305699671333,0.585994470420832,0.6019316965440787,0.6110964175741439,0.6158780989246533,0.6270342949139525,0.6564392714751502,0.6803715781216311,0.681974732888304,0.6994628750672326,0.701683024782235,0.7075495187808126,0.7101936006594222,0.7121833468094916,0.714337800973098,0.7161169713898773,0.7192269679715068,0.7339903504081466,0.7604310550225017,0.7632495770857181,0.7843488052771738,0.7912758271019338,0.7919846297382782,0.807230506902556,0.8117608102025359,0.8317048453652801,0.8344036184673048,0.8448226727213282,0.8454322068643622,0.8457958500582313,0.8465081734860155,0.8575387752115475,0.8612550187655165,0.8640219601357936,0.8710500472043625,0.8772288367567771,0.8790861645595195,0.8791174363643188,0.8836234504313125,0.8916866454249678,0.8999923482337693,0.9000561210698038,0.9082201333577067,0.9130782301914743,0.9144165414378117,0.9381808752393936,0.9437147827144747,0.9573006943290807,0.9622648300190629,0.9639383545159143,0.9696224671880297,0.9752569985983087,1.0537215015781851];


% 11x11
