% cols.m


xcolor = [0.000005914549301219978,0.00011662082037409494,0.00033539078367788823,0.0004412868119458212,0.0004581672635458794,0.00053250091946841,0.0006414047681417329,0.0007932091792952737,0.0008944926386916812,0.000948408563955234,0.0009785554753131258,0.0012921586874486317,0.001432100918592222,0.0017654960552355534,0.001856195737006601,0.002088740010686758,0.0021143353694307713,0.0021990152371987844,0.002411801296136205,0.002499534007061068,0.0026195713706377573,0.003263777173155409,0.0034864681067714835,0.003762736087046354,0.003901592573548514,0.004103332241049303,0.0041197708266358934,0.005579470606000043,0.005593690213451403,0.005697497969646354,0.005781739155564193,0.0060780089007251275,0.006149832076511283,0.006266656893174159,0.0063648085116664085,0.006400900238740246,0.006434238048561622,0.006989606482313941,0.007035364180916085,0.007224230708674104,0.007284219445426816,0.007362631291818134,0.007377854714553299,0.008246237588106066,0.008356394387172384,0.008499990973212516,0.008569196130796635,0.008609978003188608,0.008829498895850836,0.00887783536161569,0.009385372855580772,0.009444512315202038,0.0094449107795325,0.00950304194479923,0.009742459627191398,0.010037490935173499,0.010400399938264599,0.010503218952978153,0.010824467426667657,0.010849024167704781,0.012011200526280765,0.012389886869924429,0.012472132436228786,0.012597362260473885,0.013022605173917493,0.013143884506861736,0.013383045750018445,0.01353292834101155,0.013631622683962381,0.014022983089726543,0.014563525562932998,0.014849310621779386,0.01538676179912914,0.015564485561117008,0.015673662696658725,0.015891667902908763,0.016514699283288553,0.01746713611605336,0.017714727422964517,0.017775593761572506,0.0178996244080183,0.018135170334896762,0.018502848650738854,0.01852979549341885,0.01957614463353244,0.0196391766827011,0.020204766011362018,0.020211729096298616,0.02031423641020547,0.02055354334249382,0.02086367021933351,0.021534670546997696,0.02171633228101945,0.021924980865560082,0.02204624263452991,0.022078674216389486,0.022716496622337816,0.023004748476561192,0.024316315308983472,0.024746098305300064,0.02481202366264832,0.024897693147603987,0.025495507119069245,0.02586463188515042,0.025889539297084287,0.02591548985021484,0.02600370041568066,0.02630481395380426,0.026735672022823953,0.026905914571715043,0.027991943310454473,0.02822382595504514,0.029333720666858316,0.0297567107347993,0.03047745078930949,0.03070945960213447,0.03098193840893065,0.03135960972710845,0.031632031360652436,0.03258677502152088,0.0330842951081743,0.03346793757288426,0.03348163766871089,0.03385680100852517,0.034904437329587236,0.035402896773401166,0.035597934908093966,0.036207721367246884,0.03645227615461448,0.03650125553653113,0.03691490516698455,0.03719397036085422,0.0373268589093892,0.03746635072001262,0.037554550687713295,0.03768957658274351,0.03795836296189958,0.03814212900569546,0.03894545604621783,0.0413490827779808,0.0415611684427198,0.042420469106395915,0.0447109647784473,0.044857196458896756,0.04493299390886688,0.04611198473325395,0.04627685739770142,0.04781861556112691,0.0498440362603903,0.050298824711415314,0.052217480257549284,0.05381256456067227,0.05442473577008392,0.054736948419790016,0.0562336751845451,0.05714303169841123,0.0574393658893617,0.05749777744919063,0.05871435379470447,0.05940826179291933,0.05948180203186057,0.06446101949629895,0.06479691952946133,0.06605832428349062,0.06769582275187112,0.06921744111887548,0.07309800577363249,0.07442561775947668,0.0744937719508412,0.0757355874829688,0.07611379023526527,0.0785470599537754,0.0786285462720493,0.08122322141968455,0.08372650583293596,0.08593183189367298,0.0860686356421638,0.08666635470154849,0.08778714706868505,0.08833215635026384,0.0894178373319335,0.09027567417531027,0.09129726739928798,0.09149533672484464,0.09399954061394392,0.09539773860602782,0.09954889375309389,0.10694879711131938,0.11286174102400369,0.11394062984759154,0.12026687434920463,0.1223333041417357,0.12376929822531349,0.12576199608748087,0.13096912543904615,0.13266533948417034,0.14371795412613414,0.15251372887397072,0.15757711744935837,0.16018641528330807,0.16219387762324455,0.16300751271858402,0.16894249341761877,0.17189181099569104,0.19814075927882002,0.2351227359783984,0.24260597723919936,0.2697891993074409,0.28296085976902874,0.2903820026880514,0.4131096781697263,0.4347328901297653,0.8522903480285945,0.9362166383574282,0.9498585721271439];
