% comp1.m






score = [0.3274874735300393,0.3277867506763412,0.3240945097314413,0.31798374153137515,0.3130249861804954,0.3097101020526232,0.30539148522185156,0.30657098353024315,0.30812972690576107,0.30838875168141777,0.3094189497250371,0.313683053099767,0.3147909188998396,0.3143183474440017,0.31357766311609186,0.3104705610093741,0.3082490896463672,0.30611465875257354,0.3040744926155096,0.3031426982930044,0.2979260074284877,0.2884181605472225,0.28300061098415796,0.2832012575931022,0.28427278136663675,0.2860020402597367,0.28726034463327293,0.288287676611298,0.28670217786840535,0.2837738097997943,0.28310577138534015,0.2861047505306152,0.2915726825190951,0.29299555841227237,0.29428374995183254,0.2975015819818961,0.2999231508384506,0.3050773982545542,0.309157633109242,0.31225947516599034,0.31673423764741154,0.319817799910094,0.32391953258269546,0.3285003833254275,0.32902495347458144,0.32952555416237755,0.3322297314544756,0.33555293728763363,0.33844081058829384,0.34199263411843467,0.3439759377365577,0.345337375389633,0.34623644205043785,0.3493215670743062,0.3509651108706442,0.3538255214290598,0.3564169907562646,0.3584107968928798,0.35817540124535113,0.3593584599219937,0.3585149219842894,0.35347801794153755,0.3499492805289604,0.34761649611040374,0.34156503888992185,0.33880482201364037,0.3391823562392595,0.3392534411334003,0.3407536332655054,0.34249312782850455,0.3406809020557056,0.333761422360573,0.3267599790001073,0.32179266243458876,0.3157036113991329,0.3130278340849361,0.3143067257130186,0.31650474196964945,0.3148402773279412,0.3138722766954735,0.31421542015464415,0.3125988787016143,0.31355361360759354,0.3161361120030689,0.31482260452545635,0.31009879223862663,0.3069504568660311,0.30232796987223687,0.29865180560507665,0.29547842840436433,0.2942617473490994,0.29194200195287545,0.29179325347268453,0.2917681829516448,0.28945195769400517,0.28809579159823456,0.28536205714550256,0.2827796091758209,0.2796951836588378,0.2790432396096992,0.28032630738050934,0.2835036321905107,0.2878968214308014,0.292027858049036,0.2965258989108908,0.30219811839986144,0.3059668501991439,0.3075322319465249,0.3076225441625638,0.3086393137718378,0.3108247920335007,0.3119375701259535,0.31227457076596743,0.3129927888531164,0.31340896990154377,0.31251876810986806,0.3090897439674251,0.30562322106145273,0.303827098308204,0.30497255806677664,0.3026456133833015,0.3007685782297149,0.2990173180862781,0.2961584596129674,0.2957480556676411,0.2960686625796121,0.2944134487481436,0.2914462453616039,0.2899128261972398,0.2880072602208835,0.2841041009654207,0.28170507085438146,0.28081326575189597,0.2811461744377133,0.28251066997533475,0.28411123197933325,0.28420295952421964,0.28425121452727037,0.28692668067992283,0.28984528773624274,0.2918682597522019,0.29149478229736897,0.29137165588858555,0.29043613233942306,0.28915115869005276,0.2898267197782602,0.2914363112636883,0.2940472989237031,0.2949048092842718,0.29347721789264664,0.29364963171627567,0.2930708588430558,0.2890073192537249,0.28496292327202544,0.2807349193744583,0.2755599241090019,0.2716367609498328,0.26671931631616647,0.2614606654262726,0.25632573197759945,0.2509190100314249,0.24711859715129894,0.2460989741929104,0.2445332883953336,0.242570154245187,0.2409526312497294,0.24019994811247128,0.23865252747253307,0.23706010391416651,0.2374064325038909,0.23698664051088714,0.23623787740037042,0.2351608998933061,0.2346176592199135,0.23411429770731843,0.2349507177997446,0.23930223949979998,0.2426647110376352,0.24813621062496752,0.25516239144789954,0.2619850851769731,0.26917100738306754,0.27434615163158016,0.27918808314291244,0.2860749864769575,0.290159426241456,0.2901799842238218,0.28988728822272464,0.2889554101428075,0.2851251799541096,0.27975596539774633,0.27987220849710437,0.2847188287963478,0.2882759167144418,0.29382795736719275,0.2989245853639621,0.302080633284191,0.30185011704820286,0.3043673270482051,0.3135599875370704,0.3246769140155053,0.33565970558392677,0.34643976820930117,0.35805540048681733,0.3701461639694608,0.37960605323448937,0.38614507914594465,0.3932890678547947,0.4012647446966289,0.41076099459951004,0.4219952907763353,0.4361349486210677,0.451669862652674,0.4624443301682355,0.47440533349363373,0.4884752856440462,0.5039083198257035,0.5210727890346409,0.5383977454318506,0.5559616290656645,0.5701833917641793,0.5808828804403957,0.5911939310905933,0.6013999888872902,0.6121017424684142,0.6228025859666284,0.6322579689978317,0.6405137692235185,0.6482821031346989,0.6541914210413445,0.6587246726750495,0.6619427310848199,0.6630786948638845,0.6628881512951842,0.660915042352428,0.657315328806958,0.6531921365822279,0.6472307680662547,0.6393666921314798,0.6298211258149694,0.6196171620461025,0.6088632276594447,0.5989220686131278,0.5879780079536755,0.5775441666581312,0.5653432405406736,0.5495573635561583,0.535308002603599,0.5183880353644391,0.5015128355964611,0.48394221798650533,0.46832402927272515,0.4538146481674003,0.4391441848626923,0.42552462614377773,0.42119132707504486,0.4164362841211096,0.4122042302799085,0.4042947834488326,0.3924881750278629,0.3797413757329158,0.3672044841061583,0.3504336830257459,0.3365589954085824,0.32997735668357125,0.32380459898818226,0.3141111937067716,0.30460826930723667,0.2940691747877295,0.28023032193567454,0.2647566625709447,0.25115168233461727,0.23803517853358666,0.22294098914801688,0.20735159171594578,0.19319948830703018,0.17827876035151,0.1652844113076886,0.15539982630200475,0.14687901284478402,0.1352388104697956,0.12471228922512595,0.11623737458787976,0.10325958722192728,0.08585437389722993,0.07765265604116155,0.08121112899264867,0.08850740341541859,0.09921063315600952,0.11037493104513053,0.12008847889705532,0.13038110332110991,0.13974761974378697,0.14555189123246248,0.1524917099405694,0.16141866446545103,0.17150918546738078,0.17952603954909419,0.18507136291795112,0.18934493262628116,0.1914837411707677,0.19281239595029684,0.19596413142802496,0.2005795457925479,0.20498125416218163,0.20714915327898584,0.20658992149175934,0.20583929690827987,0.20548899002921175,0.20690578305696491,0.21046250794255542,0.21140467562765028,0.21169963560796315,0.21631428302554143,0.22760219311911523,0.23938280973075432,0.24358213675693896,0.2438348182437996,0.24482982402334053,0.24921859236596033,0.25056280431454475,0.24940372793510965,0.2503247855935433,0.2567768827358787,0.26762888778947697,0.2808941308938275,0.29187774030647917,0.29933888789282886,0.30929853608955066,0.32095255228346947,0.3280995558443621,0.33312935810075445,0.34446414568728945,0.357648911363694,0.36244396480799623,0.3609148640349535,0.36183292555751695,0.3695126323956146,0.3805342987701727,0.39119837874303354,0.4021338677883835,0.4145937939604866,0.42521438843218046,0.4342073999937976,0.4432412335666956,0.45050403574173564,0.45769453161874435,0.4662916514671132,0.4770884390441544,0.48654586667425875,0.49418815039608927,0.5026547533420697,0.5124910482315058,0.5232843399582667,0.5325404885581874,0.5388561467806073,0.5396887057081624,0.5359258816212645,0.5308649949748464,0.5240749759330329,0.5163493237726917,0.5069495933516226,0.4960191160362508,0.4851288364510373,0.475370021959397,0.4674894136312984,0.46090856610594594,0.45424946102715363,0.4461774879373302,0.4368591126997954,0.4295691335288088,0.42151480167559435,0.40851523273897256,0.39279606190669414,0.37472569179572757,0.35637790096982397,0.33592507268932686,0.3213067995746615,0.3137722548318062,0.3103444899201654,0.3093423296311266,0.3120568992295833,0.3190019364124395,0.3290636519229139,0.3370213317597479,0.34352982290125283,0.34944485248557583,0.3565235646521934,0.36380329979744513,0.3703794825696809,0.37705488295287504,0.38178339726565563,0.38569409754293993,0.39206824348882036,0.39688471922642604,0.4032907838515761,0.4110180969187392,0.4194870532985038,0.4279165988091232,0.434947069122757,0.4392858373053236,0.4426762695450277,0.4450658855896548,0.4455814824405249,0.44388944411240566,0.44288579479666557,0.4418996399976128,0.439803834274963,0.4370674202657365,0.4345505201102773,0.43251143897769834,