% dm.m

x = [2.077975796181875,2.0208654294875417,1.9353431194821051,1.6361444092768038,1.4379785928256812,1.425725371900715,1.105913189512557,1.053627687783488,1.0382623764538528,1.0020168706324815,0.9754333819319831,0.961533787358613,0.9076836499688727,0.9044752937069829,0.8333164605251306,0.8317898730435898,0.8276084528309182,0.7587203980555269,0.7549912815017024,0.731264197898785,0.7039777466022732,0.6757570334820524,0.6713191636056173,0.6684341319367189,0.6601902184642088,0.6546599767209358,0.6356520919077717,0.6200401548584307,0.5999969758391885,0.5963604730389366,0.5917558199805124,0.5817757581476499,0.5753140638677727,0.5704898576295789,0.5567992223133468,0.5499559092957387,0.5493629982728142,0.5493202611530114,0.5437648204285543,0.5418453165681995,0.5318614453456338,0.5218777116088085,0.5185194155395947,0.5051652376672611,0.5048517146772404,0.5004517474458193,0.4953882243492723,0.4940989781055458,0.4930382620720821,0.47992600972702765,0.4798167999044388,0.476951646825833,0.47681747601322655,0.475466788455717,0.46528789310391316,0.4614880358118596,0.45502824093654104,0.45202776216686813,0.45172235486917517,0.44986990085653544,0.4405648813352989,0.438652879308677,0.43821735846571364,0.4355590903233645,0.4316406789862267,0.430683182328081,0.42984366535373564,0.4290461577549243,0.4238024338152008,0.4183861106872975,0.4171469238942296,0.4166243809259943,0.4093739306780396,0.40878672464722876,0.40291290936684476,0.4013298063498476,0.3906516647916334,0.38669350712116707,0.3853467224965552,0.3832232002040963,0.38123969750188014,0.3800872671506208,0.378580345302298,0.37649414747857735,0.3763653041183199,0.37274508728645217,0.371125563844535,0.3698610676667874,0.3667149226807316,0.3661245214686393,0.3600783619691036,0.3597090218222869,0.3593446166447396,0.358704673669231,0.3567511236954136,0.34989430318280457,0.3379899399039603,0.33626417583507817,0.3342140614014528,0.33319509911526235,0.32958830420492224,0.32958730019348703,0.3287728058972921,0.32866215473843774,0.3259162693829931,0.32310402589136034,0.3209786868281329,0.3181616388354167,0.3110313790765451,0.31101318769771225,0.3098799976657617,0.30878658103365475,0.307357593910045,0.30374986664131765,0.30318609510373473,0.3011300011652589,0.29575214829892316,0.29522896686918987,0.2903996424336961,0.2844171182174795,0.2781227483944331,0.27672242027041005,0.2760965175591318,0.2752410481882407,0.2750184647944707,0.2744925123072659,0.2704322556267552,0.2674125942044707,0.2605799217851189,0.25863744945682654,0.25832231871295996,0.2581902025373931,0.2576482125707915,0.2568203514425387,0.25545616190181164,0.2544392028303868,0.25310739303992535,0.2524644234659136,0.2514883095937448,0.25003528956308974,0.24374706193168105,0.239263126365573,0.23809770205397163,0.23780130969702867,0.23658869729738408,0.23485856415889017,0.23392545911088192,0.23299490002985057,0.23096928151549245,0.2308226409822276,0.22937855431618281,0.22763711840475165,0.22697655349843626,0.22667616899744203,0.22418683492043234,0.22378911298992143,0.2236150462144395,0.2234925641197611,0.2230528795469049,0.2229552146166538,0.22272309147858982,0.22111492068233418,0.22052524076389823,0.22012716613853223,0.2191588403544168,0.2190667634389366,0.21800422876533743,0.2158576538057123,0.21464059338159114,0.21360630980521678,0.21057397965963243,0.21040278761311015,0.21004240594414947,0.2096750028058808,0.20920651025667514,0.20913303888713253,0.20896302504523168,0.20742282040093651,0.20693043551881685,0.20544089071738303,0.20519272266435706,0.20405538528567846,0.20404936029835175,0.2034509230496735,0.2025533265075472,0.1987081059235567,0.1983690404218681,0.1972007642436957,0.19691045810926266,0.1965837551308487,0.19433184759283262,0.18979884400930114,0.18767088761036677,0.1870248807615833,0.18381260687516798,0.18200405352166793,0.18058964027715207,0.1775180788586166,0.17555609726157606,0.17508023802051031,0.1731814051610998,0.1726824782600882,0.17263844386423532,0.1687369301407391,0.1669678565457423,0.16333262338571153,0.16206599174522462,0.16205728338653824,0.16182898821883263,0.16112609223826424,0.1594273454687935,0.15872475010453813,0.1580152321096866,0.1575060580541604,0.15620851189146945,0.15413451584867177,0.15374781591373055,0.15285741818450216,0.15280216391427004,0.15262878421908965,0.15203461850841093,0.15062030591707298,0.15039154913957797,0.15035486937467674,0.15007985480995834,0.14976357444792332,0.14880368219214501,0.14863515055411253,0.1475377557705877,0.14675460491136272,0.1453800515431416,0.14458211450662195,0.1443411186388175,0.1438498626493161,0.14361545640556472,0.14185217601746514,0.14024243832469974,0.13963285547784499,0.13946229289362488,0.13386791250808328,0.13275259480104906,0.1316768554083333,0.1312756039394285,0.13120174695233622,0.1303790874138624,0.12883857018729072,0.12688194512506623,0.12666277050241093,0.12647006338071887,0.12634293358849058,0.12625766800762328,0.12572874390814176,0.12469525600589104,0.12373641972744331,0.12356348883890145,0.12323736347513947,0.12050481195636142,0.12025656129012496,0.1193458256730664,0.11723569747271467,0.1161462535389397,0.11575718464434598,0.11542009731444425,0.11452284419384351,0.11416717993669784,0.11140575208248416,0.11114860357770429,0.11097721310601949,0.10769287311942277,0.10531555203879084,0.10512392664180781,0.1045421670904716,0.1041400326736911,0.1037158501709502,0.10323227809555113,0.10318837232988642,0.1023186835632075,0.10228084138388382,0.10191722836579498,0.10172719464054625,0.1014277259030324,0.10027239033255053,0.10021330210530566,0.09999664707565148,0.09956695564099943,0.09934842763243035,0.09920876867564266,0.09919058972301598,0.09856049869629913,0.09768880344567665,0.0969883338811981,0.09530862382933636,0.09444510641120585,0.0928161515105379,0.09266416446767167,0.0925580047339104,0.09240140151797283,0.09219417997844204,0.09158008853500321,0.09088685488927428,0.09066484322993118,0.09005367103233897,0.08923751313905814,0.08872311331725546,0.08830833123483484,0.08741496640771484,0.08718101238349929,0.08592338168459102,0.0844763476524013,0.0843479960606004,0.08358029177996462,0.0832795675304634,0.08247826735101549,0.08244986222587858,0.08126607770265148,0.08059042768721425,0.08057227715535664,0.07977763973816554,0.07901735882401395,0.07810845814462852,0.07735095429875116,0.07663850463010946,0.0763202403675256,0.0750126962925548,0.07500816141613953,0.07346594031995801,0.07345176306277423,0.07339153876843862,0.0731092237569595,0.07264762381534662,0.07212622215324904,0.07098239267806516,0.06968544819496525,0.06934398890347293,0.0686167219099425,0.06858007374522918,0.06856770422067493,0.06826177876521322,0.06680698559246023,0.0662358932270457,0.06552269577220338,0.06494585358002869,0.0647055988060633,0.06304145690291119,0.0620670744520293,0.061807499808916866,0.06155299162118111,0.06151064968528397,0.06050049514719147,0.060060849431513796,0.059889855367051936,0.05980125625471122,0.059019232071865435,0.05861009168352094,0.058504370199839784,0.05846214540152672,0.05835032709076815,0.05832947219643159,0.05773333528821911,0.05766636960703331,0.05760858522508405,0.05731190939436104,0.057228424431266633,0.05720668937220341,0.056526599543614275,0.05591642677080344,0.05545326773287251,0.055396314723424656,0.05525098880014656,0.05516009986251036,0.05468251695240245,0.05456024280203797,0.054541188112235295,0.05388236087078169,0.05387513688929613,0.053345105598766374,0.05305231380903508,0.0523264528920977,0.052293245342418526,0.05208969913374162,0.05207828050223973,0.05167231436353026,0.05142350037807775,0.05139000515367442,0.051362826984089116,0.05133751253784502,0.05104790819693683,0.05053054839282556,0.050349010273631256,0.04998231381842999,0.04991981257956135,0.049852349983834476,0.04973672213602809,0.049141693395635344,0.04898330897165448,0.048393550627721216,0.0477341537885716,0.04657891096481914,0.046270118509724734,0.046181781625296736,0.04609301201980576,0.0455219497854078,0.0454198684967404,0.045051260359692424,0.04485085556610269,0.04457226412288717,0.044484980352076375,