% errR.m


x_0 = [0.0027979155581743195,0.0028436999800293956,0.004741704632521123,0.005965913591573628,0.0068480684770757545,0.007533119935183933,0.00762538476884948,0.009579125396572378,0.011925409017377615,0.01389865840624701,0.014635654348213753,0.015348424718399496,0.015963697002655652,0.016969615028204578,0.017420437903884166,0.018174466922407994,0.018309220951072194,0.018625481847942722,0.01918629688974607,0.020002049554758268,0.0200348912631413,0.020418661636105773,0.022004854445834058,0.02521120265303435,0.02618862861058878,0.026524076636539717,0.02758257736249779,0.02766137818491204,0.02990948483603869,0.03050960834564087,0.03159928751875058,0.03159928751875058,0.03252244929428614,0.03252773589625478,0.03272854162752022,0.03590589256252423,0.03785580832968974,0.03785580832968974,0.04033814652962428,0.04086626227442569,0.041442835216379766,0.04390969180399192,0.04524517438704439,0.04662550524596109,0.04669273523169752,0.0470594401564508,0.0470594401564508,0.04804247900755734,0.048955215474180386,0.04938791428249703,0.05001097822393837,0.05049418692946396,0.0510299594381467,0.05248748121513223,0.05276202073712515,0.053188265155095484,0.05432182642851292,0.0554446971139446,0.057327139217120314,0.05850936296521485,0.05884107625506871,0.05993479745828426,0.060767924086439856,0.06096633254077735,0.06287429310021092,0.06417554148675954,0.06491824070601923,0.06503422974517505,0.06554749724857735,0.06777144228801253,0.06851339085813489,0.06872009607204595,0.07355526732207708,0.07364471791714358,0.07468820632397256,0.07557938471938169,0.07567768488652796,0.0769520677524937,0.07750338697521877,0.07788560155015696,0.07848183482495454,0.07886319349633378,0.07942817694490825,0.07996201996908857,0.08133301740389373,0.08331492650804637,0.08370953664916402,0.08445705074484439,0.08662398299109005,0.08760754050486784,0.08989116701158792,0.09213726436368466,0.0923617656282628,0.09453263291044532,0.09527043018544859,0.09528818133268777,0.09713456986545176,0.0973637951588373,0.09755319793839058,0.09879162204275858,0.09938356935085078,0.10178167998352135,0.10216510017290995,0.10243268916510682,0.10299372528710492,0.1032901666451225,0.10332145974156581,0.1036371474672833,0.1036371474672833,0.10514500116093996,0.10693379581920133,0.1083405125200392,0.11007354127569398,0.11061021654687177,0.11077319192547969,0.11192856472804846,0.11323908497669127,0.11338174699018508,0.11364788133726723,0.11407858892006104,0.11430980152725358,0.11540213171840069,0.1178532380721336,0.11906052684820832,0.11964521739660909,0.12120575720523594,0.12179059669245097,0.12182640414946051,0.12225562827424288,0.12256289587317094,0.12468736352250093,0.12572089228403946,0.12576333369295473,0.12654523213540753,0.12724554108206734,0.12765798145452908,0.13033406303735348,0.1311056243123682,0.13143105781178022,0.13241283490226907,0.1343261635008023,0.13643754133826302,0.13808407242622892,0.13928691648445998,0.14241523930699043,0.1424393863277554,0.14273585470993652,0.14305941247448264,0.14362141769091716,0.14401385642955147,0.14415777868458313,0.1459410605885335,0.14665442390392786,0.1471412850000738,0.14795048917042225,0.14850114271315332,0.15076239832803626,0.15119891223990373,0.15128817048947768,0.15174979413610587,0.1520950678353037,0.15219193027704972,0.15361341605335999,0.15405557980824205,0.15523425228803064,0.1554598869919827,0.15608785532840785,0.15626189009491603,0.15711575116893917,0.15728194452472255,0.1581972003328744,0.1600261364014115,0.16022100863149435,0.16200162280316607,0.16275339585204343,0.16358336504741144,0.1660657042335893,0.16625285665550787,0.1662562590021428,0.16691674543821147,0.16827533069658066,0.16936147730557594,0.17282492475889052,0.17338679479183006,0.17384744880024625,0.175004191796768,0.17574790126530818,0.17659189171392828,0.17676758051655456,0.17942941349358085,0.18051997379592488,0.18099155479240628,0.182945959277306,0.1840450914739697,0.18444859973072258,0.18476981739051523,0.18503722141256845,0.18543979593950888,0.1854729665906618,0.1886838858331971,0.18875116949772403,0.19084777239697265,0.1922133543669823,0.19439677567109098,0.19478787980337273,0.1950797735911309,0.19603040076163225,0.19905488362450569,0.19945715235468162,0.2000859109514398,0.2002797893822871,0.2004741703523796,0.2017968232747221,0.20191600246286862,0.20231896148404238,0.20254913567165844,0.2032488130002309,0.2041611551384701,0.20451809284300326,0.20451809284300326,0.20466649096229864,0.2052494506412951,0.2056058167467296,0.20789180483481048,0.20906869358613311,0.20996683888042106,0.21035270436383044,0.21428471921654227,0.2151396123980583,0.21550146348662927,0.21613160352891114,0.21842714451799353,0.219352153421478,0.2200227260489655,0.22064023388272233,0.22078468241608404,0.2212106495228072,0.22136012105534617,0.22223066408769607,0.22373047265527915,0.22465894281221377,0.2247115641333584,0.2249236792970087,0.22569526352510522,0.22634409438002975,0.22644702018864782,0.22703534951602722,0.22833288122373244,0.230190030291234,0.23242409749009363,0.23381815816300103,0.23527454209425286,0.23615799173289753,0.2363469105580812,0.23653042951517222,0.23712435957875924,0.23873410094321293,0.24004108238769528,0.24124301834563816,0.24132544965544053,0.2416980251245513,0.24216389517285758,0.24220206501325053,0.2430101097366648,0.24489767875069024,0.2456331885410335,0.24638832211532072,0.246828369372812,0.2471295496371965,0.2471295496371965,0.24759715178832237,0.24780184935097518,0.2500831725996647,0.2513763116120983,0.2543612827126538,0.25472552218403155,0.2558174752867754,0.2578822741798887,0.25829836421338487,0.26124576121983945,0.2615554010137419,0.2631164741905421,0.26360486578463516,0.26451360046442435,0.26618168834200373,0.26634113370317797,0.26676744870502317,0.26788911606355564,0.26863158641463275,0.2699640465233216,0.27006710895670555,0.27213804638183714,0.2723214890650874,0.27539824394979273,0.2768866660135617,0.27835605635819877,0.27841013249542396,0.278710525801581,0.2810003669502744,0.2818351385210637,0.2826687117012723,0.28374845480039557,0.28393465283811253,0.28461752120241923,0.28470399387277445,0.28503271744291264,0.28525409448689126,0.2862860502338345,0.28922092359799856,0.2905011135148933,0.291187217168377,0.29129827441726336,0.29136709427116164,0.2920252504469332,0.29302930401481936,0.29465998373303987,0.29654526678970244,0.2972978160239747,0.29840105811453954,0.29851565331792024,0.29903698709222665,0.2993624835878172,0.29937480695779484,0.2995971486431559,0.3028925383390271,0.3042198892731928,0.30606063378141535,0.30679127065424805,0.3082839304774086,0.3098627711180432,0.31046291102617546,0.3114393117418686,0.3116177069340795,0.3117712415777182,0.31182572111248796,0.31254547801515686,0.31276535829934293,0.31365417463618833,0.31450438806861486,0.31514696256917785,0.3163633629395026,0.31660884922920557,0.3185848328180614,0.3215769616865677,0.32210042931212196,0.3238008784515161,0.32417591126248035,0.3243606569550825,0.3246147928583237,0.3249743884414522,0.32513225689969916,0.3254221515731967,0.3254240360127249,0.32631516176509645,0.32657815194390444,0.32719513736000994,0.3272760845826271,0.3284729125120966,0.33071846373929487,0.33208666804991577,0.3323451735311879,0.33235219909401587,0.3327236287073511,0.3361233098162439,0.3365542444914594,0.336905765864001,0.34105413306613924,0.34105413306613924,0.34211787240382124,0.3424044754385398,0.3441041833940519,0.34464519367358504,0.34520073096284326,0.35013188794523104,0.35069951668483007,0.3516384963977099,0.3524987622529936,0.3525057351291739,0.3528351563374422,0.35371013291526715,0.35372671444821024,0.3545107367726991,0.3555894072929976,0.35562194588843216,0.3559419722800507,0.3559545002059143,0.3561119562005292,0.35676415814843354,0.3579437898264637,0.3580618321913874,0.35986220332228286,0.359887158364553,0.36149030641436697,0.3620034546294963,0.36252588777880246,0.3635202402232668,0.36586484440747175,0.36775212345539243,0.36816843435029584,0.3684030433261047,0.3685309151541938,0.3714833294986923,0.37185708827536607,