% errR.m

e_2 = [0.0000014214963463094963,0.0000014908765100553093,0.0000018025704884795079,0.00000221333969565129,0.0000024024833773164786,0.0000026687005744674878,0.000008918655570781871,0.000011850317179827704,0.000013243587747903625,0.000013587499236901524,0.000016159896816231248,0.000019542031234480758,0.000025638886980052456,0.0000317260011205615,0.00003210658925094697,0.00003477411862036757,0.00003551316137866996,0.0000452708907757949,0.00005776007911938287,0.0000594485069842216,0.00006155725583666685,0.00006347304819733083,0.0000640559353623761,0.00008487734911396078,0.0000902963096528354,0.00011568149438093421,0.00011849927397342357,0.00012784709047428407,0.00013394790334835005,0.00013697124846009703,0.00016204954663224193,0.00016215516287235675,0.00017435972361192875,0.00018759587801364902,0.00021629890041252885,0.0002692308323533416,0.00028357394871626485,0.0002837068606167442,0.0003094850940257201,0.00035418597941051495,0.0004063670125326117,0.00042712875830785605,0.00043266389610543737,0.000444146774487241,0.0004509540155091643,0.00046301408710288554,0.0004660165887244482,0.0004679564936947119,0.0004780821752685082,0.00049099082886071,0.0004930147354759807,0.0005355904350728106,0.000540184308784306,0.0005798257844297945,0.0005815521159348455,0.0005826871191544061,0.0005900502750151063,0.0006980746224815986,0.0007014202965543795,0.000707739305735562,0.0007652104685988333,0.0007852279248305913,0.0008029000027695344,0.0009136254182164946,0.0009518390659939947,0.000954955680496064,0.0009552216984943682,0.0009578260884644573,0.0009680894141096508,0.0009769654796923035,0.001008242354997592,0.0010301138922353486,0.001056014775387186,0.001163391429869679,0.001202469389795706,0.001232514285147384,0.001247651717002622,0.0012663400875668447,0.0012708295639532372,0.0013397635426794386,0.0013511158710330967,0.0013604777657469204,0.0013825346930064963,0.0015525721540509952,0.001666932352270117,0.0016704433157122781,0.0018220409089449415,0.0018263903184940174,0.0018289400551492175,0.00184930510855237,0.0018580434836493371,0.0018618857093894545,0.0019379912233197084,0.002078222729698887,0.002146610133722567,0.0023276637689360197,0.0023651983184758956,0.002406578606522855,0.0024083321038933635,0.0024203418857880717,0.0024773720198817207,0.0025266088313183263,0.0025525919410004094,0.002587185656303732,0.0026138469385381504,0.0026213158264703244,0.0026741839179076172,0.0027215913633216416,0.0027346194948100855,0.002793938870724538,0.002812078456851869,0.0028219805578332236,0.0028537431483762095,0.0029741966353835987,0.0029770758391299665,0.0030383601179622076,0.003122887668607028,0.0032409842655097085,0.0032419508779847725,0.003337583325775842,0.0034624479597589065,0.0034731917044650415,0.0035429836033007015,0.00356065701755776,0.0036019755915184287,0.0036046197971944896,0.00370025516040394,0.0038324485412022605,0.0038374800267846247,0.003980383652671452,0.004063425552168463,0.004074303802673039,0.004130583701406919,0.004145623059669885,0.004227304039777936,0.004414737312162652,0.004523306024377546,0.004562130091206141,0.004562682085592393,0.0046247004549454145,0.004656655483929401,0.004720220835764038,0.004807916877796022,0.004845368157927553,0.004933242138521129,0.004985311004235725,0.005033353975540731,0.005108070236910531,0.005155264060995745,0.005264053634032749,0.005430497107521123,0.005479319700900421,0.005508672158891084,0.005585219322195639,0.005626441271430844,0.005724822880689795,0.0057307747481207,0.0057337286651172464,0.005879974668012701,0.006056699963569067,0.006190556723867679,0.006280349929296528,0.006350232415969265,0.006384261706291522,0.006427432246439159,0.006445689828416797,0.006482111030847362,0.0065358955316454845,0.006708077204049149,0.00678250477658264,0.00684537619600319,0.006874021665905668,0.006876454444786583,0.00689992175771259,0.0069648799182620725,0.0069649933904416764,0.00696933411028099,0.006977287090174271,0.007015984746934141,0.0071110209810673584,0.007141979104414137,0.0073425449441450715,0.007484365455387214,0.007582190522721274,0.007802387373300239,0.00793520603985353,0.008002050051658337,0.008432272724921187,0.008856905310811139,0.009169737052873994,0.009385026460108274,0.009457341164742887,0.00953582620629402,0.009616711783838322,0.009961917392243483,0.01002813701187368,0.0102041202855107,0.010403701083219797,0.010724684152182095,0.010768944343964469,0.010973712350342706,0.01100639406368724,0.011006511872071967,0.011049061020572414,0.011078870690649525,0.011155596816726263,0.01122697454013156,0.011412488067844485,0.011755856167832798,0.01179704374560657,0.011816693656460434,0.011983028468775393,0.012153867161166032,0.012300382498558615,0.01243441546541911,0.012717281167138585,0.01279077424389999,0.012942912116937022,0.012979346171805222,0.013052197392094369,0.013068150696807293,0.013143715455373937,0.013364988632349695,0.013487452686948544,0.013771929312419294,0.014081292232348639,0.014473997380680384,0.01461700952861482,0.014808972532275921,0.014902856924223062,0.01503227844002864];
