% errR.m


ratios = [1.8600057009044402,2.51551501232208,1.7643721765484655,1.7819081225153441,1.6133350855660265,1.6715139708428322,1.8710464780301979,2.6976575230963853,1.8709947794590014,1.6715139708428322,1.6459422654667177,2.612383975800539,2.26542567673042,1.8335827015061603,2.110870557393919,2.208760360922047,2.0612715573075886,1.0071193906854563,3.0728057607795503,2.237599133749434,1.8109382582678482,1.9419626351394184,2.185066740993162,1.9734400666622416,1.7229114670904702,2.26542567673042,1.994500777350337,1.7071258333493637,1.8157977916702446,2.404996093761971,1.8461535192861507,2.891886188230374,1.9734400666622416,3.54013394891956,1.976917893972946,1.8157977916702446,1.9095706511401753,1.8345204655268135,1.6694571896204837,1.8882620735578337,2.1958664669791133,1.8563139517219496,2.164830641250854,1.6133350855660265,1.7053781045466267,1.9546143062636103,1.8563139517219496,1.9486878431087122,1.7586585591585135,1.0071193906854563,3.54013394891956,2.684782888861771,1.8810500204923857,1.6694365126105895,1.6673628831766123,1.64095576511714,1.0071193906854563,2.1413397465572497,2.119426384594976,1.994500777350337,1.9734400666622416,1.8709947794590014,1.9734400666622416,2.2390106589222802,2.110870557393919,2.033134258796827,3.0728057607795503,1.8600057009044402,1.9267384403083225,2.1507191908206433,1.6686796945892741,3.0728057607795503,1.938880375104936,2.265603602035942,2.144243297978843,2.1131248030670773,1.8709947794590014,1.6717133634273347,2.26542567673042,1.9734400666622416,1.7957825928390003,2.10321155659555,2.9387422396605944,1.989829811256051,2.1413397465572497,1.8563139517219496,2.26542567673042,2.606456901020291,2.075417346702997,1.9734400666622416,1.826324402581067,3.0728057607795503,1.989829811256051,2.4512261817791106,1.6133350855660265,2.397493719049947,1.970947422252874,2.107837636117734,2.033134258796827,1.948797826176849,1.9734400666622416,1.8944567207466902,1.870405219047489,2.26542567673042,1.994500777350337,2.033134258796827,2.340228079880784,1.8709947794590014,1.7098133054182472,1.0071193906854563,1.7471807850430088,1.6133350855660265,1.9009741697937,3.0728057607795503,1.7035558926144827,1.9270291942966824,2.3099893796188007,1.8097499377934463,2.649923650448577,1.7073148744358604,1.8563139517219496,1.8563139517219496,1.6522389685665033,2.2064186281097604,2.10321155659555,2.095285053198111,1.8563139517219496,1.9602548000069184,1.8709947794590014,1.917747707842252,2.1510724339554357,2.8612589921536142,1.5594826275821407,1.9602548000069184,3.840989016981318,1.9038549743994735,2.1611530006455704,1.8709947794590014,1.9726372145738564,2.4671442259997924,1.8861730529649814,1.976917893972946,2.208760360922047,2.057919664423965,1.875123637082016,2.1085847408049982,2.26542567673042,1.9159971999243928,1.9734400666622416,1.687594074287681,2.130985326310984,1.9018749508307689,3.0728057607795503,1.8567069490324042,2.942196875653048,1.9734400666622416,1.9734400666622416,1.670137354451357,1.9422629240307399,1.6774426544388177,2.265603602035942,2.073499766487309,2.7814740563310614,2.9927145333712737,2.4494478288336263,1.6745877201009411,1.910568222877341,2.0010414143644,1.854610906773694,2.070910204826162,2.2973162788558654,1.6725141222172129,1.0071193906854563,2.260152740475646,2.715312914137173,3.0728057607795503,1.976917893972946,1.647415789975684,1.650257306678073,2.348456147682513,3.0728057607795503,2.088166464276063,2.1341103789386895,1.0071193906854563,2.5707220928239045,2.1942446583125603,1.6866785993132978,1.8709947794590014,1.91135157927569,1.88582951478204,2.1087175226474684,1.9484868099353265,1.8709947794590014,2.087825107505026,1.701404927440788,2.087825107505026,1.8709947794590014,2.174425901488039,1.6710182212554465,3.207187035615697,1.7012710788910819,1.650495871505374,2.0010414143644,1.7285720963643656,2.134958894870694,3.194568298875915,1.970947422252874,1.8465904821841168,1.989829811256051,2.110870557393919,2.3057347171952665,1.8157977916702446,1.9762264167423433,1.8157977916702446,1.9250417585923922,3.0728057607795503,2.2532459230457897,2.0010121050972822,3.1367885222166256,1.9022191297564495,1.9260115368284256,1.976917893972946,1.6855334611676156,2.2839650625687082,1.7492463615555005,2.087825107505026,2.2027552697600252,2.26542567673042,1.7140382834538377,2.1603547348354124,2.5299817011486327,1.9734400666622416,2.397493719049947,1.976917893972946,2.1620320009128307,2.4231284468268113,1.8563139517219496,1.6694365126105895,1.8157977916702446,1.9704847940245318,1.9734400666622416,1.0071193906854563,3.1315389130868945,1.665697095017226,2.397493719049947,2.7140812144474555,1.7927786258966598,1.658487250978195,2.291675279001067,1.6699733254954554,3.031160903407372,2.0399607079540627,2.2395839997300113,1.8065218582091631,1.5691619951421374,1.7548019765978429,2.26542567673042,1.6133350855660265,1.707530714009755,1.8563139517219496,2.4151660301599267,3.1679992394131706,2.2980480290808023,1.8104931117638108,1.847052387933296,1.9031715688524784,1.8157977916702446,2.0125694059585966,3.1208312560454172,2.0010414143644,2.8157518150165606,2.109566261232109,1.951612777020555,1.8710379159639023,2.51551501232208,1.68601181066931,1.665523281224549,1.9123811123852592,1.861330691562568,1.655901062518772,3.54013394891956,1.903440776406122,1.6772396209501468,2.038265222443503,2.265603602035942,1.6744754485177147,1.9860903824412541,2.292208134660716,3.0728057607795503,2.0733932554133956,1.6672580056383948,1.8728726626240015,1.91179927030675,1.7911499609229162,1.0071193906854563,2.4835855116179313,2.225205841941812,0.5261258331446126,1.73571893862141,1.9117383255445264,1.8988783817757318,2.208760360922047,1.8563139517219496,1.847052387933296,1.6889367286804535,2.4088354532630416,2.060604027141355,1.9734400666622416,1.9974156324383294,1.894962830894769,1.9860903824412541,1.989829811256051,1.9734400666622416,2.1716251267319313,2.4408007765957698,1.8709947794590014,2.035584329832361,1.9734400666622416,2.0733932554133956,1.7820202626831887,1.9018232018225552,2.0550601115266245,1.508422540569791,2.019152491002261,1.9860903824412541,2.126834031906695,1.9395503787496111,2.3400449253606728,1.8709947794590014,1.9734400666622416,1.9734400666622416,1.9860903824412541,1.864777599981938,1.6744754485177147,2.4392704094173228,1.989829811256051,1.8563139517219496,1.7076665401392386,1.7465484082622336,1.9307146849063137,1.0071193906854563,1.6653153448834364,2.4571378245853874,2.1410147198024227,3.0728057607795503,1.8600057009044402,3.0728057607795503,1.6762062022507627,1.7471078040183803,2.26542567673042,2.6976575230963853,2.0676707700563752,1.8157977916702446,2.5420799116374813,3.2338844972699,1.7855518141179116,2.104480193643907,2.1341103789386895,1.8917629254797532,1.770838259431023,1.7805956661080389,2.200734858435142,2.093519875986688,1.9860903824412541,2.1968704698791623,1.7911499609229162,1.8210102669013837,1.9018749508307689,2.4429661250242636,1.7550538839415695,2.2839650625687082,1.6671773096113631,3.0728057607795503,1.8709947794590014,1.6516065260810668,2.362340477929907,2.208760360922047,1.9491658820471232,2.051538720440746,2.26542567673042,2.26542567673042,2.4406735793796157,1.8952307814905136,1.9428200830184192,1.750680938382161,2.265603602035942,2.923031084449808,1.8157977916702446,1.831390088503756,1.8952307814905136,1.6653153448834364,2.1942446583125603,1.5204511058071641,1.6774426544388177,1.9734400666622416,1.8343592683369399,2.208760360922047,1.972970413282149,1.690843096689845,1.5048719873138225,2.144155746055488,2.646982466943556,1.8343592683369399,1.989829811256051,3.0728057607795503,1.8343592683369399,1.861206964576787,2.265603602035942,2.208760360922047,2.208760360922047,3.0800918474105305,1.8429102909437245,3.54013394891956,1.0071193906854563,1.6758437889138782,1.6753248203139273,1.6324544818181352,2.237599133749434,3.0728057607795503,3.194568298875915,1.610518703486647,2.8715085029674117,1.68601181066931,1.9159971999243928,2.2198205481638595,1.9734400666622416,1.8293971204134,1.8041779590425064,2.613411445684397,3.611849017951086,