% errR.m

ratios = [48.554465341596426,0.8184275233700812,4.880936044686697,1.10536316182455,5.509906600208094,1.0406922272002535,1.4490117079416047,1.3891622546900015,3.147538274035479,3.0429695225039826,0.8536185190925553,0.7576133848528761,14.943613609944899,3.5131840491171316,2.5946223745312738,0.8346446483276778,5.261056803908632,1.597854119349972,2.4732726451617975,1.984696642644981,17.266404524210763,0.9967885595109516,2.3885206330573894,1.047831353764105,17.54373106468465,5.221017448453022,2.7335688110454415,4.569998586519861,2.644715477127895,2.3655358173672463,1.6854448662027834,6.572519779359479,2.3224947756005134,1.0062649391350176,3.1560177463737027,0.9483409058458914,2.3357122567390247,2.2747364986199003,0.8901991225275372,10.593360217805165,10.488784908390985,2.9285498476466447,48.554465341596426,197.3054758165362,5.754605366555709,0.9416453168451265,0.4877886863231018,0.8702554276924367,3.5409037715159926,0.996155081895274,7.033991084531425,0.8541547763401884,1.298929958919198,2.4268843664606172,2.9751078187371975,2.0097561781652775,129.29056922787814,2.983316563403575,13.17698476595863,0.8196941147367888,5.295076616761007,1.0563310089393725,1.8418577212313163,0.8019803369091743,2.500296567590381,0.9798839582189345,0.8747128693723923,6.980045277916386,0.8860876407438334,3.6250676324375317,1.788677916236445,16.725199598295706,4.080678737299209,93.60902164950787,28.924268725331213,14.507222615125848,3.167267418752047,0.8346446483276778,2.847671606995428,9.529318823695377,4.8010112003740595,1.7068021049651787,2.0530767028179833,2.8106732763141316,1.3034240184823145,9.0651487637049,0.9411876446139187,0.998140112621969,2.4559953735816995,35.06432490955376,0.7942593580288876,1.3966400000656984,0.7740473778666317,0.7711143834628373,1.3884557348828446,63.94165031762694,0.6591858196662244,3.5336387523872266,3.5084434591249645,1.4534331907430087,248.4084088912707,9.621153436577044,44.87010907792937,5.947797081708028,2.7335688110454415,0.9523510056056539,2.3655358173672463,0.7980647442170694,1.1750285600850818,0.9963317333812747,0.9572234578580752,5.286335794931829,2.471006174279504,0.9528544755582509,3.7762668213177366,16.61763077333448,4.044121220470124,0.7576133848528761,1.6502900158487197,0.9715528332425434,2.4578822803307485,12.808504481080687,4.053600584710006,0.8702554276924367,2.1404395384731205,4.39403818397164,13.932640209461933,0.7754122934872961,2.545354418218081,2.0333831668939024,0.8435812251576359,4.461079518971524,1.9984025300492596,0.7248490146801886,1.559254635602808,2.09756568917303,3.980856584530954,4.749712683359981,4.589906931347787,2.342648014968015,17.80519405083256,7.551555603007528,2.7623296449083106,0.9081377543328296,11.852756726661948,3.187620162008845,2.300718375676235,0.9581836911793883,2.7335688110454415,1.5346436290259384,0.9797454982419769,0.7786157963811685,1.1966617846145766,8.579273936224395,0.9881644435664079,17.54373106468465,6.786610200390186,1.5298678990535293,31.76340492546803,1766.815823764986,3.813901073549236,1.3579836381316237,1.362824995198687,2.53058635707192,0.9876013166599217,20.06194245988818,30.856796164893986,0.7090161212002839,12.108508872469853,0.8839653224896248,14.941413880489716,2.438292984464202,1.1339699424393883,3.078987486577063,14.404735629682001,9.394087913497566,2.6925851880071807,30.11299136529193,6.482268045046592,6.430889316680865,2.672739098011503,15.186980013962103,1.362824995198687,43.676208225845585,1.1139477609687105,3.0454015823337186,37.71876816743675];



ratios = [0.1759064676893809,0.5118660925266554,2.1414774376661505,1.4682550860715502,4.422302413933595,0.9042483620373568,0.3617259929901044,1.3624706246207494,3.460325661256338,0.43597899194987755,0.5937465123445719,0.409268528377994,0.1759064676893809,1.9290437656535393,0.5165521579557396,4.092554911412813,0.8806137476302158,0.5709449943975567,0.1938252625199759,3.5223573458810886,0.44726301326726775,0.7762338520448256,1.713762854965211,0.16076400089068998,1.9891719948589146,1.6593823787003843,0.8649957989436219,1.146732032765411,0.2791845504158466,0.7952500582344206,0.8436518596627665,0.20128040461785285,1.0873983811201031,2.009007289751149,0.8752029304706124,0.4086423255894078,0.49585238516474217,0.7026850796302758,2.1414774376661505,0.409268528377994,0.25638446214242483,1.1024639621274845,1.8922313412527467,4.698646773810904,3.515783550941086,0.1759064676893809,2.8718199050951965,1.6418152075934072,1.8329092942336338,0.4882602645351925,0.409268528377994,1.5036611259706072,0.7686421917037842,0.3097238832508896,1.0856290985852213,0.16076400089068998,0.1938252625199759,1.1700234677013541,3.461816165258912,0.25638446214242483,0.1759064676893809,0.3400508603726129,1.2559133942934833,4.189945788745241,0.2975111604778402,0.5118660925266554,0.43079399910474675,1.4288640029958346,0.4342410692368108,1.3624706246207494,0.4342410692368108,0.25638446214242483,1.4431391968502232,0.7533144370201936,0.6110922146957581,0.7762338520448256,0.6867111958208225,0.9732379941351511,2.1971114122255586,4.308641967986718,3.353445302484791,1.4960152808569658,0.45362754985392295,0.4086423255894078,0.882732606617117,0.34391437073102854,0.2975111604778402,3.461816165258912,1.1700234677013541,0.5118660925266554,2.848785940004561,0.409268528377994,0.3359473186446726,0.4624348871115682,0.4285189309613023,0.36896175129534126,4.308641967986718,0.409268528377994,0.9021683109807939,3.4088720640476677,1.2899021700609268,0.3467639907124306,1.1546700861535357,0.16076400089068998,0.4871281807921388,1.0196870478916857,1.2971353144346398,2.857772985090256,1.2011221309148237,0.16076400089068998,0.34391437073102854,0.4285189309613023,3.5107796171794043,1.1795653256083447,5.088131170453668,0.447610773211019,0.7082068297246187,0.7875232411188998,0.3400508603726129,0.2975111604778402,0.5524852670584809,1.0162333546166131,0.25638446214242483,0.16076400089068998,0.1938252625199759,0.2791845504158466,1.4346192272360863,1.365080754384323,0.33498920679059435,4.308641967986718,0.4086423255894078,1.1795653256083447,0.43532446178890133,0.3269875949270618,3.244442219812233,0.8849476336331508,0.46402577405055134,8.606616389726598,0.1759064676893809,0.9107684735872708,0.4624348871115682,0.36896175129534126,0.4624348871115682,1.1900552832168028,0.409268528377994,0.5831862307836709,0.5118660925266554,0.1759064676893809,3.461816165258912,0.16076400089068998,1.9043967570961926,0.3400508603726129,1.9886363710259884,0.25638446214242483,5.963451536996943,0.3434013816181635,0.5118660925266554,0.34391437073102854,1.048830126223145,1.6918899787724695,2.931546680513143,0.2791845504158466,1.327712309398006,0.4189610702676354,0.409268528377994,0.4086423255894078,0.43922293113585237,1.537627251280263,0.2975111604778402,4.080126859531756,0.4624348871115682,0.4199468288936384,1.4941795904145139,0.3097238832508896,1.1239273511828023,2.185670335240942,0.8112823930875578,0.3467639907124306,0.4342410692368108,0.34391437073102854,1.3391420649988368,1.3616140505747716,3.704192855015927,0.49585238516474217,0.2791845504158466,0.4342410692368108,3.940633691491417,0.3241859228057014,0.16076400089068998,0.4624348871115682,1.9141658480787136,1.9058091977398757,0.409268528377994,1.2367390027761171,0.25638446214242483,0.5170277724619071,0.34391437073102854,1.8665303647686475,0.39006374767977237,1.1399675735934596,1.8329092942336338,0.16076400089068998,0.5524852670584809,0.5118660925266554,2.629758966435891,3.3131655524015753,0.16076400089068998,0.3538883259611079,1.7833350230525036,3.704192855015927,2.185670335240942,0.4834347046477213,0.644458717766345,3.4048408924213,1.7687243120501657,0.1759064676893809,1.9043967570961926,2.699045850275868,0.17929000031667386,0.4838219291284454,0.5118660925266554,1.12264398037405,0.3359473186446726];

