% errsigs.m


x = [2.36207639498298,1.9326680809280252,1.7819995373218218,2.4392641952148546,1.5139063471025764,1.701701569237754,0.9178046183112369,1.4214460356074345,1.3250692630268088,1.0796411592068562,0.9620995942389594,1.363937428254562,1.8904127039346077,2.383530467307814,2.417959660235409,2.7594674447322074,0,2.6335203484460985,2.1402858806005107,2.342604026906077,2.666268006302977,2.277458552664165,8.778492414179404,6.660858069772901,0,0,1.5842196972281524,6.81167782895245,2.4069358936018,1.9497011470216068,8.933946005815972,3.949967775671755,2.8342828289238793,3.1549810464149965,2.220000521890329,4.844863243725498,0,3.4501260506170683,0,2.881020383766582,1.5571525738237757,1.3447791871616748,1.60807811360679,2.033629367100748,7.715629107329336,2.974045476657598,4.598535414565329,1.8506895384338335,3.514792300714999,6.173239808191169,4.701421420469363,4.28036389775463,1.511592155018058,2.098041386508844,2.3306167747780977,0,1.9850278478034435,2.052782588431678,2.320788006239679,7.616510711187079,3.8248718620794886,2.8641083486827834,2.5660204124507997,1.164293587064263,2.1766707916257015,2.7654192710525995,5.791392840269059,2.3712640623631556,2.3831512142179787,3.9712419315642666,1.749822970925566,1.9801479045470827,2.063482905836487,3.081378029641407,2.895545776695059,1.7816835518523428,5.131979038077969,3.9374510493884927,3.6516176128678755,2.099567167299676,3.0747471887586744,2.0966103856553198,3.212547603982988,4.81534718192513,1.8885187018399652,2.6526582620515913,2.9783911748365255,2.772539750896534,1.7220409291245877,2.2493637365046197,2.6521484325552396,2.036723349769418,2.6032713327694883,5.89335471552801,3.135767726863395,3.504766755223737,3.1375659555228137,2.8657205924931772,2.7578959284521076,2.824428645360118,3.4292117501140056,1.1865021496125314,1.3770553555869876,1.485324083867774,0,0.9946388947737905,8.61950525558479,2.6776107002714027,4.434008088873757,3.59206349796208,2.7058193801957717,3.9002081316844723,2.0661285069382327,2.871854814739796,2.2507332818894388,2.418714290412276,2.894166916342802,1.7728057989183932,2.246533061317998,1.8277691638980418,2.259989057638656,3.194099859803847,1.5741298375600135,1.6483349566862504,2.226002532794283,1.2858855608714976,1.8015661315624922,1.8795920655203033,2.0376823202541807,2.29782026884028,4.262676148286819,2.167282927030122,2.9914253241382043,1.9245983686945742,2.5633886314860432,1.7628319158239831,2.3631622472972595,2.189114722428538,1.149364065241026,1.09793058417417,1.4428459944074092,2.238665638367722,3.4064246001986382,3.423788987945173,2.6258125669251937,4.620505333817725,1.1786445148549252,1.1527461626384936,1.1373693745115219,1.434179642489034,3.038455407015093,2.046299640162585,3.1837024511275986,2.9836414171053507,3.092160898120406,2.3036204556087223,1.8564274318480685,1.3006351507237854,1.8607470551370138,3.1512648336557922,2.391332019086623,2.1105200935119646,1.6933822941225214,2.4472710150697,2.9138526334424317,2.7329812888004392,1.6376927862355315,2.47494950390486,1.7542642618034492,3.2365522902248802,4.0377450516879465,2.094691520538515,1.3924786515808254,1.6245916612216325,3.261995532563657,2.476868090023062,2.784111860211974,1.569652790719268,1.4028118620920749,2.9004396955607743,4.038272092452729,1.7014817756918,1.0618634468979544,1.7600090189794597,1.8380610702049052,1.8359167351788077,2.2769475710251217,1.7688853425822633,2.0305863235697084,1.5535364041707822,2.246702554660832,1.5624585218289828,1.5544880488997337,1.7641063088323672,1.4809163607592677,2.616222121422085,1.2381567128995157,1.3327628518423327,0.8936425356236141,1.159313341196219,3.212724008336322,4.833401329559191,1.6149156331072128,1.5404035873128576,2.1670462397543764,1.9268751868652745,1.8759997977345297,2.5312971776200626,5.257410070111093,2.0282287883584713,2.3682878636042637,2.2259318686243175,2.457108740125641,3.110696766324186,2.4153788686861724,2.649527226456016,1.9081433558877077,4.504280545251542,4.262088965742542,2.712235383012147,2.8635685564980147,2.3114294798101698,1.580729882801844,2.956264755821582,3.1203185503345736,1.7886069997541294,2.240457109059161,1.4935667440917726,1.932470935361485,1.8061488513031574,2.1987436117164223,3.8603823508757706,4.84361276795004,3.1104268679536102,4.348443245326347,3.1207854756188875,3.9396712650660777,2.6246388347217278,4.259255365173912,3.6688022899129913,4.181803243385536,2.1277922936195344,2.4346950782535854,2.6120597334856264,3.393492572620031,2.203702610563005,2.6811039804613945,3.5050852373715866,2.9245216058725494,2.5910179657572043,5.23281335770601,2.118016384008673,1.7554702810963991,3.1694263371396674,4.594198894365855,4.659046751987867,1.914517026922052,3.99403990883958,2.239150108925981,2.606645759170534,2.5624232363220716,3.37439923143905,3.1635397151479476,2.868253069416302,1.6133966774462016,1.4940163181361024,2.247371267030233,2.8069134159991718,2.2595203094154717,1.6215666681976881,4.842578702366554,2.547969775418386,1.5680687928376182,2.318904846717497,3.213762841620675,2.000530962861833,2.789031987871693,2.0264637347201204,2.26390919872652,3.6266358615169887,2.9008201165311127,2.476722434096153,1.784951673179444,4.596080762082187,6.980353138215565,3.9200228702945945,2.1640116868280037,2.7124360446824674,2.891038053816398,2.298454271437191,2.369066773814129,2.182438126314799,3.578778515660616,5.064429395654544,2.668831034565056,2.668328750158956,2.9544110809835353,3.3408188006148216,2.711144225362958,2.3177278797273058,4.3911276958796295,2.7154431958585277,3.6595330205932255,2.226497715065246,1.6092240218155047,2.749791734414984,1.7362552898969132,3.0250295457537675,1.7921660956266658,3.7953505806550476,2.0458344881795325,2.8699646870369184,2.6189013489058692,3.3171520657424347,2.088149810639549,3.376012862518174,1.832276248427539,2.685489175815725,1.6142652066571364,1.8701967530082664,2.061294565273091,2.401566858266225,3.2090800613897716,1.3664652315963939,1.711394712380341,3.5455854594024308,2.8375219198872457,2.6604695788850243,1.6839523261055558,3.9451152524681676,2.006471985440332,1.78475364882126,2.2269826862644844,1.5184116785383246,2.2718484832261945,3.004776283138528,1.4318013403160779,1.1794749556650128,3.1782983167810737,3.0015381348924888,3.1136491979819954,1.532148536535242,2.603958567508422,2.040633471477834,2.381806634183175,2.286356517962893,2.460431614251554,1.829739083817462,1.6330956346914693,1.721876601193934,3.514224617221775,1.3335174310333413,1.2758324637742744,2.302306237034127,1.8942356729040084,2.2138133343186777,2.4998937436637796,1.9280281619054043,1.2957172760912323,1.0310197133785224,2.1831513645026654,1.8986573751281708,2.4103885498465245,1.3739538160257778,1.4434395254880887,1.6079946964428014,1.8786281829405822,1.2449018088046322,2.3771089134604786,2.1219579643348014,2.1367197254270196,2.0233687206836035,1.8656821411406002,1.7255456641226892,1.9397603073442649,1.5479881264776123,1.3293402856666297,1.7457725815042264,1.5267563490867624,1.2827391135633208,1.906747145833917,1.5375742607842806,3.0693106124600673,3.2030423252572255,3.587622685605292,1.7226220421758471,2.7126128758080617,2.087836571819006,1.8772138550729545,3.878464080759504,2.4858483918082253,4.440965784437466,2.528053981327248,2.3204809015819694,1.8532615070870315,2.1064404753111883,3.1714930013122546,1.6789055808615003,2.1682093153607855,1.8408639820069368,5.109392396646192,1.957058761264918,3.7372051053080613,1.9363126477117727,4.644590367429386,2.548779166015474,3.949330897116019,3.357696220800418,3.383237467188245,4.4320607137147,2.8247786501342884,3.100924537303566,7.252646195141509,2.0195668761742342,2.8603412373777397,3.1484055312139736,4.2780653407571165,5.140227683077726,3.0760314593861366,3.000238180560652,4.853214908909973,2.4659536610912145,4.666351537271521,3.887099676855689,4.4990452680876665,2.456720304246333,2.2077577887715614,4.282813397768864,3.952739811876532,2.3048942651235262,3.1333276050137555,5.858821800073888,2.234672385477104,2.1012895449047675,2.860190740363669,2.088206214241104,2.429519654706164,