% fDist.m

x1 = [2.4069732986248145,3.3088064552097696,25.148480054167916,2.9106310581530495,0.24864707313914228,5.727959008338273];
x2 = [12.647393228947013,2.2108868524564462,8.209894897899492,15.525233021727487,24.005495723387288,48.48345355015842,15.996138522276855,15.55904984397514,3.966536669091677,1.5089363992776061,9.978116857260275,1.7414548991916523,17.81874561868585,14.951351728290502,3.7600907517694147,6.196842366988572,8.770830010348288,1.6035150966408378,15.063377350181396,1.860293977670948,1.9995629367233494,1.852077099715849,1.8186576636323268,10.374964166976003,8.607224096919879,8.656910943201131,10.673118962957076,1.0984952789104652,23.26490802728855,14.562168556433436];
x3 = [3.318899522809404,0.12606489346946087,0.18253287591718897,4.065913388424664,2.7854565387484054,2.5530770647799033,2.8088293725355302,9.822787788502486,22.459414812395377,19.580217575006298,7.224823857647784,10.5309381274275,12.040446653181615,0.7774588450070372,4.545959008648997,5.9223904972550985,11.118353093075816,15.045841550335977,15.460445866964259,13.836673498907315,12.123875576165872,17.937960191910452,25.946180435646436,3.080029505407648,5.677061812120349,32.633328494838686,9.951872739138677,10.678122222703188,6.129297875693994,11.691401169235082,3.918914280169057,7.055730257720424,13.782800862384091,18.018179241681025,7.918671202295196,13.451735657672542,7.040709999168441,18.8421426903068,30.18915093272953,10.934254904692862,10.059767502589743,12.448372242084714,17.079981506002433,11.878850657228574,6.382671168686114,5.915567595407283,6.532125136677105,10.317033488533706,15.074893059115524,10.476699891940383,5.624093144995336,1.294976115970073,10.353993909359934,10.891281219868262,11.746774097247753,15.278897093773388,14.16259475212063,6.904555868733523,8.335868403854088,9.541910097230353,7.352321369725987,8.21874687350839,7.9672962673704,4.58721051971571,0.04116159364883781,12.998929987847514,14.40551882719398,15.22129868131881,2.411372491470909,8.644421238558284,7.707640435752552,8.219115481243435,7.589725318876967,4.893318277894278,6.521618511779341,6.188546046464754,3.9743170357698934,1.0232564259182246,8.450639255171753,9.482607859968587,11.128435675371454,2.498879970548376,2.9871961883428217,0.20839159900555435,3.5126301582086445,2.89111365714019,0.577530030088047,3.8624323891151073,2.4480542797271023,2.1392175394680923,2.3672104693934055,10.097768365344312,14.421786387709309,10.445658314363902,0.759994607964229,1.4831950141189858,1.680494674315796,1.3641046970477773,1.6139458713528398,3.0066590692758304,1.6586011686267417,1.2542540962826885,0.6972236229383444,3.7129859950164645,6.018190333530763,9.584912088844385,8.5289943926658,0.8304784512545994,0.7670323529668229,0.8974728967152709,1.2273371635403154,0.5982116447526095,0.4305379676705791,1.161350973417159,1.1534176834252718,3.4376713088254194,5.557930482222546,9.117684670761546,4.97800259741778,5.698847560549871,5.6135714786806465,2.1376551261410923,0.18102658676000072,0.7356360787916457,0.6453507283308021,2.807383310236055,1.8221073070604197,4.884451989219486,4.924452262552634,6.345836938707912];
x4 = [6.975190469631288,2.397602753423556,1.9953479011122448,2.9074552774999,5.235666307412701,3.7639205771497295,3.8279870741649122,0.7965845549681818,2.5218836282978283,4.827545836835357,3.3135737554282576,0.8692593319906057,1.213684876488276,0.551184501341348,1.4111968163617963,0.5108413968885738,6.467465500141385,8.45466163486339,8.389054087815067,5.309560048481902,22.737987086259757,14.382755350363194,19.24200628253873,24.24011509656506,15.232965103060017,28.72781577379414,3.159515717600178,5.708048687595265,3.401992381245044,0.07042981971371669,0.5857049560029526,0.6346874672675809,1.9667555490396316,1.268991447379734,4.32462486456531,3.5158961058407585,3.1884181497828843,1.0258152395176146,6.575137203632218,1.5774481713287412,0.8315598539937913,7.024328431475725,8.921104211433015,9.247314025539856,20.36827642795878,14.223074739983048,5.747750695921501,15.574545875267612,0.11683847254980882,10.418182775536094,11.824266993800306,6.523914720067836,5315137544507.095,6.381580161918493,1.7390358718505996,2.0606521437736616,0.6064120780208044,5.442025208947722,1.2501387653228342,5.372381155711364,9.177128557758152,9.94689128836655,4.512905800663693,5.942230648390054,4.13647479058059,4.408306686788134,0.984965336987809,4.42783575544653,8.374536744474671,13.417957441634881,18.64963851061674,22.937712041002,8.976747346857845,5.205489119690971,0.18630323501073426,6.252605070274713,14.075649400858579,5.4801376900560586,6.43930301505787,7.0767556264452205,3.56373998002012,7.662182437982102,4.042064647598665,6.130638972108043,6.842924106311785,4.77987903152178,4.0817792444049354,8.092602709434644,12.394989102167376,14.428183475366042,7.627808510891999,4.698375497235742,4.636643570704757,6.031010954576673,20.98051285028888,19.973526684545046,12.973656330479251,1.2302433453513784,11.567031731120114,0.6905477924748328,2.8181446370652083,1.4084627185205951,6.617908575640085,9.896684342263196,5.759309823367055,6.417419776198982,7.322905890162538,1.1582121039823128,4.638678340635545,5.664524092166418,5.4271086641432795,4.870709921902549,11.27555858280506,2.0649904194036166,2.525497861502461,14.115836415128008,13.499887890002148,16.546840737521837,5.714776733712867,6.61252913161068,16.54021305953106,18.600716838676387,12.715624077518594,14.570376982886058,11.862602778267695,7.00094416355378,1.2927106844954857,18.969365308511197,16.944828902668483,20.06983855032037,8.081313365850946,6.2788255822087695,9.387379969055473,8.382813993290453,8.429605823731702,8.14800045823171,8.304739877736269,14.571355732874425,14.023408714444596,1.5251426131930164,0.21259148319677112,1.2915742468839762,15.128945052858585,15.512817101881478,14.620849442370947,17.699413836517863,1.6994464574870016,2.699598941569629,8.769935566848261,10.017830763049053,3.8275807216742157,0.6177119897336325,9.067560987941743,14.40068589844634,1.509193889866078,9.07636278924246,8.239215975379498,7.282648299593261,5.424739079384257,6.506898812698797,10.829591751189179,6.860474115206817,16.93327118895983,9.748412617436793,10.558068771367376,0.43183517036260627,1.628949031419678,6.339623610766666,4.25357965455001,5.743089965535268,5.8061875767433815,4.7906056247779,6.815335103896311,8.29562631334984,9.86691071893586,12.896214832439663,12.024213764938644,13.93337626534083,13.629193863709057,7.049113318312668,6.617730585673546,4.725236027855418,2.3699671722362137,9.782393585893704,9.631234722307019,6.996611193783274,11.778790450596315,11.517141853080334,16.53841167158271,8.321222842202374,13.725653583678339,11.362799249320481,12.355473702884508,6.88744965214119,7.944508293187435,7.421732164668166,7.286089199797599,7.815909987843821,9.021385678642636,11.546172081348738,11.043634532039937,12.724616778048764,13.607523309373805,3.437662191447335,0.23010881494490334,7.355488103234979,6.603110629282611,4.502151643192196,9.117201656271257,11.930707700736571,13.371706874235873,11.04675547117463,10.836452477734007,14.119352210448096,16.075907976236486,12.143800403366727,17.781337093318584,10.471660367247676,3.1001455338331967,8.658740688276055,8.591090643799763,8.595870265655321,8.843750430139485,9.36386313709297,9.748301271058036,10.460687616958033,9.84904417992806,10.177562639181959,5.986790009910958,8.28032009295609,7.179793238866492,6.210229912665246,4.631558234105523,3.4399273802735135,7.941817900959959,8.767209305810937,9.180242366980456,10.67398228431159,9.590281152292906,13.708217285057708,15.92927322200187,13.659123334445983,8.415795427038223,11.78009386807074,2.762814743143117,9.088942726923447,9.439079589236421,9.418282918474233,9.730057476496757,10.050561257606885,8.858412351216726,8.226584085164573,7.576951982906396,6.740624250359511,5.9222433016168035,6.914440052819294,6.091376783345804,4.927083298862849,3.5965445264671643,2.424503173968529,12.255865543157602,9.457274024576735,9.543250289974425,10.147065713055841,11.770283663483127,13.127880202706029,