% fff.m


x = [9.582343529298589,9.679090564965056,24.424346176058513,24.605740520061126,25.233026960638764,29.476077320623855,36.85160781712836,43.18330200964875,52.405928132446725,54.78838755304403,64.361260559109,65.84658088452633,79.37220779513241,87.24638329878294,89.71503050593722,94.01129243126427,94.1084525346072,94.81237471915352,97.70120210673,115.52355104017919,117.28155328542564,119.60682234818488,129.45817997589245,133.19956305362624,138.5301982641914,141.11468291701857,149.71387398983444,150.2478593881592,153.53073387320748,153.5900320976814,166.33778180212718,169.80183477913337,174.8750589386704,219.72586116407976,228.1437170393014,251.69467904748126,254.18410979687448,255.60241040886368,261.32631962675924,263.6115458993995,272.8150685811711,280.1665715233132,282.7742779737055,284.26553867784827,291.0239493218088,296.89837523751754,299.9495741193163,301.74691245372884,315.53263942639956,332.5608070118047,338.25989708201433,341.199671797254,345.93836934652404,349.4122605466419,360.4962942289875,363.37596362038494,377.70179423529123,377.8540594419138,390.070097043077,392.2843739585139,398.32128690770327,412.573183671482,421.41036522141803,422.1690095542288,434.2693327576521,436.387330530784,441.0752634420357,443.03366516907124,447.15046399122855,451.3083967255928,451.7397390342999,453.2855104385179,460.18551214251795,475.2426369064363,476.019095944194,483.9525866582879,484.5429898640735,516.4683371003626,521.0844614187447,543.0976047631715,563.416396653532,635.0270840286116];
x = [0.25232743800119284,1.765610263073327,3.794997579823293,4.819556199038658,6.748258729881858,12.906245018767281,13.267550045280217,21.078241633615672,22.65087992870455,30.093493079649438,31.498070766607704,31.76169960713135,31.78303026519586,32.951643660417666,34.93247701528992,35.859889435446114,38.53363713318422,38.947545546832444,39.560397218221844,40.561428652496524,40.81818734947737,44.25873530230928,50.101726880742476,50.679360084402724,51.89947264199378,52.526723434367604,55.08407947361358,67.67024952786899,69.40812246900295,70.59407461593771,72.40252048946427,74.27732602322132,78.15715796847273,78.75157498421312,85.94356546849602,86.68605384744149,87.91943831713647,89.32899067654645,89.90428119824436,91.41294884898039,91.41670930953907,94.19649871412632,95.98911724406943,98.81848834465177,99.87191875754905,101.14720581192425,101.45898120294596,102.77953403841606,108.92429387779127,113.71791779257913,116.36122658213743,117.19464506408507,117.24166531202481,117.63985646660987,118.27328927712314,121.33961639449345,122.96831703953411,123.711678270569,123.83702700777984,124.61247538558901,129.65871396493478,131.94886605204601,134.27237813518832,135.95451776073327,144.2851649395543,144.879745032553,145.20388479309452,145.9992884331493,148.76783845299622,148.9574240868965,152.2466832518514,153.9191256602284,154.09206894475335,155.01421777452305,155.22306602443692,157.81681564153305,158.1404628941835,158.49398515851493,159.20925568847434,160.14733440167507,160.24314330747504,160.47058278031668,162.08849017063324,162.90487536904428,163.20417904867432,165.90617854156704,166.55795804654514,167.03715768101304,167.19187736190358,168.78710764613075,169.46801040322106,169.9877519692391,170.45216937351074,172.2949342700061,172.32985422094922,173.85060150247173,174.70120722043035,175.9948773274738,178.57215923523125,179.07361242041776,180.70537850723028,184.1177479416635,185.254072054435,187.45477834546685,188.0512483015688,191.49300524730646,193.94633349390102,194.69824418210297,195.60097858953813,196.300213668997,197.5119729447605,209.5233712706747,212.3124840787854,213.49574352168705,216.1401423533103,218.15283836756527,224.49169176202219,225.21974405251598,225.63327172170384,227.12363233290583,229.49378721378162,230.30189886035507,233.1496637358575,235.35732689752615,239.73523706823627,240.70715576525478,244.37906436678864,247.07151786536386,253.70688264417083,254.3965264953584,257.5615294397841,264.84161503022534,265.7409439580996,267.89794240973686,267.94971872941824,269.23341146946507,269.76265529676573,270.37209728912825,270.9987337143678,271.4660244193082,291.4869530444827,299.89398011772414,306.20348291439115];

f = [9.630105238338283,11.477834734716465,12.623987730691645,15.990752233238931,21.844948765746665,21.856584418484577,24.636481192824466,30.751769299808352,31.266129993926334,33.06208223457357,33.43822299722294,36.67265449423307,39.180995369686684,40.62423853616116,41.93733432606362,44.532689676488104,48.25661913404507,48.5288828053802,54.252675132048786,61.483855919888086,63.827131824080006,65.39505990440125,77.77060024944399,79.969030960828,82.35130863266716,83.43362463631243,86.66297138061745,86.79591302224668,95.07538053443213,96.85470693366507,102.43330655624982,102.61528614021324,105.02904842905427,107.08140314068608,111.01059809638527,113.74791236103212,114.33865426417199,118.52072417461484,119.9509757566133,120.76546703759143,122.66271553200168,125.27344385653231,125.63966176404332,131.16131328374976,134.01774671875572,138.51870749262932,146.00855547927412,151.76247052018886,154.03769690417712,157.4624653785819,159.7152161483652,162.95623020175884,168.7847905935659,188.3083549428804,193.42440199660015,197.7690152015641,203.9505643274091,210.2856341547836,220.9626672045072,225.89841163903174,229.7571054102518,245.64078883063357,257.89528017663673,258.2236969363571,262.15602101261163,267.7666657788829,311.10794852553283];
s = [0.046872535862106934,0.055841944378856034,0.05775382455733924,0.058089825224908465,0.05810805346417913,0.05953198846238994,0.06401700935917565,0.06942480573356291,0.07001955818363603,0.07166484789014849,0.07255470418757182,0.07490351501811765,0.07493996101496081,0.07495198017745364,0.07829513385449949,0.07941044262456254,0.08191013830456928,0.08237165166473615,0.0826155866758087,0.08271180343688678,0.08276699862803638,0.08283592262757322,0.08337430383730049,0.08358600091844215,0.08628060496628964,0.0866428146751459,0.08716617970399021,0.08725142591674429,0.08933598122629682,0.09016018666641235,0.09057560298337308,0.09063142507656674,0.09066271533464332,0.09090965857991962,0.09213322044311734,0.09217892342041512,0.09291123725452799,0.09304496177361155,0.09334645720046675,0.09346114246304427,0.09373965125807215,0.094323378624382,0.09444519418317476,0.09516707715589123,0.09517601722955571,0.09542443592827632,0.09577913301227303,0.0967150059177424,0.09683789174290514,0.09684308608795922,0.0969811891588519,0.098004963844178,0.0982388676469319,0.10140737418887324,0.10168649458346746,0.10177458653800953,0.10205691704546482,0.10387987462786397,0.10500671302959352,0.1051974759595733,0.10533660952943635,0.1054587697112408,0.1073206376312199,0.10779751358679168,0.11563029634792055,0.11866679011358094,0.12429593095233504];

