% inf1.m





sad = [0.016854138141712192,0.02132413782300886,0.023513202593189345,0.024687663993142872,0.03125471627863875,0.03672622937825254,0.03806457435468188,0.04349115088328212,0.045884000541936275,0.054501953931912143,0.05661256478599671,0.05807631634127066,0.060203062408139656,0.0650796982726793,0.06560082120731346,0.06974861134402154,0.06993093703384155,0.07048479187630234,0.07149203249412422,0.07205107599367741,0.07294084632890649,0.0766976322595796,0.08147898507278006,0.08149892393622153,0.08197235486139913,0.085357001642978,0.08573745414081395,0.08691893134466168,0.08867089239216526,0.08921198764566833,0.08953742538538374,0.0902324958527282,0.09418598696154144,0.09567936149636609,0.09628999160625996,0.09689146908063105,0.09914221199711931,0.10081566361564566,0.10494522163228243,0.10542604660395231,0.10740054602523369,0.10783972112249555,0.11077505271750034,0.11105098310968735,0.11164613923591084,0.11194662928009314,0.11403295257418355,0.11645836230956563,0.11938096396874558,0.12176261414021018,0.12806092078906656,0.12824206867170057,0.13273346046961754,0.13528923033977047,0.1388533320820037,0.13924240876959978,0.14056159975727928,0.14125147692392884,0.14128803394963937,0.1423662579791294,0.14403061367103254,0.14523557996295794,0.14724377709332043,0.17011651312964915,0.17955964535545088,0.18066091982338936,0.181192753716114,0.19005221262915262,0.19276381427523126,0.19494566849623693,0.19754649689865264,0.2257152880895248];
ncc = [0.04984084648598558,0.07857750325178414,0.08220700275412857,0.09383775807913813,0.10043925918081936,0.10738568651651015,0.11812540855862513,0.11833398568493081,0.11944241749176959,0.12138265156204014,0.12201620902870797,0.1307424037850498,0.13193269910399952,0.13524201591169532,0.13831146506663822,0.13841749621761923,0.13874400514686674,0.1410164758058114,0.14632834095702468,0.14664222529307197,0.14770969771539516,0.14858037749960995,0.1504087850660693,0.15143258685004984,0.15180423948054117,0.15854034054566113,0.16491397937213742,0.1686802221747155,0.17074176380441392,0.17337308975021865,0.17397732389820048,0.18274356832327526,0.18349888778740958,0.18554868564741572,0.18613988830678496,0.18944056939704712,0.20084666164044856,0.20997742621725451,0.2114234555357361,0.21174162319489015,0.21795792698586264,0.21879694662973764,0.21987895711529098,0.22656246346474257,0.22753695951117475,0.23235389113873656,0.24063322725242658,0.24235718642274356,0.24285041869253526,0.2439021363891794,0.24483964418091936,0.24712611312023497,0.24794819309957522,0.24918215068531907,0.25007012612494617,0.2571921134240863,0.26324553694658104,0.27638720085154156,0.2775813478085778,0.28209214639935076,0.2842586882617534,0.2949446696048811,0.3035538033586579,0.30402174761072176,0.313997213142724,0.31833698741510963,0.32608016704747667,0.3268163413582146,0.3315523283969757,0.3893322097340291,0.3959007813009593,0.40073954791428473];
mul = [0.0022035505343727443,0.002547006572507859,0.0027775066628422155,0.002996654116360386,0.0030005715914702977,0.00448044227698609,0.004608555022684394,0.005083552716051687,0.006363987955062311,0.00711160311242588,0.007921843135589173,0.007992701353051412,0.009226177273746554,0.01007822645548322,0.01049080389229974,0.010608161884964707,0.010774070362347869,0.01088530853244038,0.011543852974374236,0.011580442486488186,0.012034697686346888,0.01211392776751579,0.012172146152408128,0.013747256596562087,0.01386100021837268,0.014208380637898615,0.014358936060335323,0.014399917698697393,0.014864567331710592,0.015265848060395307,0.015821388558864936,0.01643106821089677,0.016499996992140154,0.01683468281717305,0.018571858653404653,0.018930311874750968,0.01932652388978284,0.019392596509487676,0.019476174981574536,0.020135584882017783,0.020149502020210767,0.020327098968252976,0.020934352150887788,0.020992532895401955,0.02165864624773239,0.022564451618460424,0.023300371916300678,0.024294250509822174,0.02472323670799917,0.025606743251982002,0.02887371562044406,0.03173638508868909,0.03205346473935899,0.03235351548914704,0.03340794569803178,0.03382379137735801,0.034454954834964316,0.03490685428805259,0.035758212916983195,0.03728830582567622,0.039348211538560024,0.041491780987399314,0.042877423050286294,0.04735844217555848,0.049577332785134785,0.05029572878966662,0.05499264205735977,0.05605488706158203,0.05672702534834536,0.05953341850373494,0.0600584312215044,0.08787823188264766];

sad = [0.013345772705062264,0.014081418601175151,0.015355777111260993,0.016216477087791965,0.016854138141712192,0.017148901127500678,0.020858183639580724,0.02132413782300886,0.021415773359686443,0.021465980307325574,0.022295000940655247,0.023531936912658452,0.023978086119883973,0.02416412159806769,0.024687663993142872,0.026310478331699156,0.0265627499859927,0.02823998515595252,0.02986629339403114,0.030116523417089675,0.03125471627863875,0.03138734216110295,0.031945835052929555,0.034847297044863994,0.03524811083816994,0.03526384725676388,0.03595271209710473,0.03672622937825254,0.03726590987496102,0.03806457435468188,0.0389415551091633,0.041157522097779,0.041520719050441364,0.04340695157362064,0.04349115088328212,0.04390288858659087,0.044244708729192804,0.04503447637893208,0.04687184123670931,0.049039574392922565,0.04929080996166144,0.04957785349201329,0.05003623224859823,0.05228215557794591,0.05245721448091369,0.054403008155578046,0.054501953931912143,0.05479291114273183,0.055242782044696855,0.055551420246429145,0.055719068354314887,0.05661256478599671,0.05807631634127066,0.060086179346991536,0.060203062408139656,0.06214660718471542,0.0650796982726793,0.06559522947610087,0.06560082120731346,0.06570608387117917,0.06575865322614856,0.06919222085942715,0.06974861134402154,0.06993093703384155,0.07048479187630234,0.07087974057439207,0.07090027104458292,0.07147842828552119,0.07161462258441992,0.07228196292143028,0.07294084632890649,0.07438174462842552,0.07608863883638316,0.0766976322595796,0.07865250043118187,0.07891192711612666,0.08019836661544698,0.08052388224146666,0.08093398663083894,0.08147898507278006,0.08149892393622153,0.08162607469603715,0.08197235486139913,0.08198501634253959,0.0838372563731562,0.085357001642978,0.08573745414081395,0.0860117356382471,0.08691893134466168,0.08867089239216526,0.08921198764566833,0.08953742538538374,0.09018080878085404,0.0902324958527282,0.09111416300740512,0.09186706261125972,0.09523891951653977,0.0953510252568343,0.09567936149636609,0.09628999160625996,0.09689146908063105,0.09698496995307244,0.09711972234492396,0.09819345248076328,0.09914221199711931,0.10081566361564566,0.10105333356139799,0.10294516684929846,0.10494522163228243,0.1057000364074487,0.10740054602523369,0.10783972112249555,0.10790244990613858,0.10907673655102791,0.10987295764798645,0.11077505271750034,0.11088945226889295,0.11105098310968735,0.11111944261209261,0.11156927567531515,0.11164613923591084,0.11194662928009314,0.11403295257418355,0.11645836230956563,0.1169525308136719,0.11938096396874558,0.1205064367002654,0.12176261414021018,0.12806092078906656,0.12824206867170057,0.1294347579015615,0.13273346046961754,0.13459158759313172,0.13528923033977047,0.1388533320820037,0.13924240876959978,0.14056159975727928,0.14125147692392884,0.14128803394963937,0.1423662579791294,0.14403061367103254,0.14523557996295794,0.14724377709332043,0.14725292853021035,0.14914913278934583,0.15016524214857666,0.16335328544390418,0.16504193466139797,0.16763239138897193,0.16879780084023968,0.17011651312964915,0.17148307789490805,0.17955964535545088,0.18066091982338936,0.181192753716114,0.183346405168845,0.18535525738569233,0.19005221262915262,0.19276381427523126,0.19494566849623693,0.19754649689865264,0.20123028444654914,0.21144795431405625,0.21181368438230275,0.2257152880895248,0.24407202137928505,0.246577213144035,0.25114992609081915,0.25650238425878846,0.2613848280352776,0.2623421003965589,0.28063110643037603,0.28481828839745776,0.3148340813659297,0.3509898566203175];
