% inf1.m


F = [2.7436507219434367,1.8245702049672679,3.977046934284511,2.471647880388232,1.961982860005691,2.309577225392996,2.241559666350023,2.445762459860974,1.3769289866134204,2.4966948929246926,5.31321508276011,2.902216745703683,2.399107407717284,2.1353049691327657,0.9344235007438741,0.12439255039796834,0.9771057886852123,2.221518624686957,1.4680723921463046,1.6263205808455434,0.3537308801449138,0.612351375731585,2.8950189413051897,0.1994040613448436,1.050748760788764,3.187136293283619,3.5939899708621983,0.3759805737568513,1.5436779716708295,0.4787675524399518,2.022055273138197,1.73867183566893,2.161977008934482,1.3508633627757094,0.5438485050394953,0.9488620669808367,2.067653469731825,0.978473166845671,1.6651872199083868,0.020353057665766013,2.069114547104282,1.8397413358609633,2.5825206426045675,0.7916721013299323,2.441069298481588,1.9312664032663076,2.06750915508701,2.3839889683162507,1.2365919511094936,1.7967907664894136,0.7681401686581995,2.593954867714113,3.3331267505879882,3.507758321887679,3.009058924862701,0.46896665937280657,2.3712598346001124,0.5875362529795864,2.7866546610342393,2.702441784845339,1.4025965434117458,3.0923243202616058,2.0237486507892015,1.662762122735886,1.6061197418829192,2.723821304909019,2.025776465398032,1.6525996754991426,1.1909972419159267,1.8905780449010148,2.1625077414170604,2.5550562491316757,2.86175557724963,2.4302868396029007,1.574763770377165,0.6511875614313347,0.9904100343792014,0.6297664058748106,1.1390637454348542,1.8193693053034583,3.0362682803045105,3.275949803086158,2.2631761873033778,2.425673325546921,3.240279873942102,2.4799355936334937,1.7028631538589045,0.7174606724708258,1.061851452698657,0.027421375497430164,0.6133329306602572,0.5528543846948545,0.17816194835925597,1.5689370255329935,0.66996928304081,3.6435458744801443,1.4276417254044538,1.7104559089548133,1.7898320570892299,0.9145450834311947,0.11770421149748607,0.08078619844927133,1.3111443075958993,0.3024904257216438,0.6793087367183293,1.6070181304025573,3.653276473911121,2.872346905153945,2.0716369384255153,1.5044958368819397,1.096922968290595,1.4196228280455865,1.255665992745374,1.1844586771593697,3.29821732842576,1.9912693843399802,0.9309420519160168,0.3585834911181258,3.1330170526422165,1.837679777029344,3.348539673521069,1.1763531884846035,2.183884005833413,3.2945163298002003,2.576712407392693,5.528319259519524,4.343564093963338,5.855017725033188,6.097906080759957,0.4149351502850579,1.1504267964418342,4.548489420990118,5.553078255454621,2.562393752635011,1.7367633025003009,1.6249116101867933,1.7012367089748945,4.72565961138792,10.341763431972325,8.438466723356251,6.061106478558386,12.201860908412515,10.566014777592319,5.126497479164767,3.732178430784773,0.5297615422215478,0.5465117343112139,1.2867036329303014,1.959331636460823,8.032276104260257,0.7041121365175506,1.2587119455333464,0.5780895448382686,3.0880452312848656,3.030580132380227,1.8889135101051862,2.2278571167757013,0.8647679333771264,2.765917927388147,1.7896916867582464,4.257593403029832,2.9409305552574465,2.9442028266204687,2.8252666408225107,1.9930261116454944,2.444772079399194,1.1732759654858032,4.194688502568846,3.244600290377548,2.472075621584007,1.5276436953762917,0.4744740212708091,1.984465899149593,0.07881781319860684,1.3678036067829025,1.8898238513803902,0.9611888843435459,3.5012131609606203,4.736384373671178,4.602043762032624,0.30321737358997425,1.3474348822665272,0.28697752588961195,1.9469022715957796,0.7863425720010773,0.5388058225519773,0.3737855409513017,0.232388289058095,1.9168754517178972,1.9195302338449094,2.5363180752460033,0.6029991793879563,0.24095247176720344,2.1736015772336756,1.4845136216629422,3.7616804947941445,4.170279434284108,5.363073069110825,3.1755993436727463,2.550081072407299,0.7623712972010407,1.4743033472196376,4.909428707507839,4.848636138838199,3.0813211994056733,5.555720062445864,4.172449420544131,5.379476599537659,5.919949595692755,7.946472314129251,7.457627325800676,5.970113387037433,6.688813413125462,8.686803479184109,3.158951182807046,4.860384758493436,5.020045408270709,1.9648282668955783,2.1882998145898624,5.8771117632919,0.66491575284312,0.4590275568431315,8.296821979391638,13.20539696757708,1.0585180655145436,3.4378101921989086,10.831617027724405,8.066334911569864,6.583248750511892,2.3069686399558336,9.733754566187526,4.527736555215465,0.5987910876664339,2.6817784343082818,0.2346507332484447,2.0708727881942517,1.6274880146725073,0.52583960514051,0.5248414476250075,0.6529853749086106,2.301701701311675,0.2552377897842896,0.01635215378267613,0.8433266444051051,2.2278525428610796,0.6172356196644186,1.2056502579827888,2.576944756851182,2.290662267159936,2.8402921978632576,2.3499298261895727,1.36502109034606,1.2392339925988947,0.15603027124415117,1.8696902435918448,0.5277593431761209,2.97328558004109,0.5219483491530889,0.31304937259134547,0.612121225903195,3.0339131615702915,4.072304247922806,1.5491070672488343,2.2251571526488148,0.07105178639421367,6.727959239062352,5.829110391119766,0.7138768430088862,7.452513402850294,8.892370462574629,3.3911687426435844,4.183769027427414,3.0771137215436557,2.4507519363730155,0.04715307765818662,0.9542732021514759,1.6999931795132586,5.06879998681546,4.310612147108738,0.7523817968551024,1.4827368777828813,0.5756426100836749,0.8959267599553258,0.9860674084499579,2.163927858807449,1.2867237113032526,0.4100955162102899,0.5895953752524826,0.5655973754927157,1.0870826353528111,1.9011932429339757,1.5675386771888984,9.064066422530248,7.274387562299972,1.7010075931858382,6.045092597757169,0.1398795971543533,2.6981820486258075,0.8803447858916816,1.7912727774994,0.12325303753547136,1.1048825722099131,1.6461060546627695,1.8701180330188698,1.2242596060240076,1.1441210675220954,1.586699909308335,1.9970763748326863,0.15814336595212172,4.9839129515524485,3.2072808381085673,0.627650947309625,0.25138730051565444,2.257092897612566,1.548626459844148,0.2761859454697925,1.961041840305479,1.5820284644473888,0.15119247718486137,1.139375447896567,1.5613330118507691,4.509247794520449,0.14177234359140448,1.847182077237686,1.0449183179633772,3.825356733849511,2.7117641242223796,1.4919236633599138,1.3270474849887548,5.225379740339727,0.5907312556076397,1.5570056761184259,1.3959039691898718,1.4504198803756605,1.2320631558085748,2.764061580188146,1.2430201875848867,3.896328151395108,4.970100449662546,0.10622508033039821,1.56061254837606,3.0893600698715535,8.279169906086906,6.078335283151086,8.48612500635687,7.296858323952776,1.8535419213185285,0.4460505749418607,4.509881787198603,0.904434117737368,4.130265016629757,5.992063098634053,4.885563966213234,4.106022708537988,4.705716502280335,2.0749855007738014,4.4080201781738175,1.5780006737305898,1.1837180381959107,1.2652559457055588,1.3318570723058967,2.273328250844822,0.024066333926549957,3.2863954964507087,3.234619863244557,3.1699413549608133,2.6312822137071605,2.514420514638488,0.38909893830907116,0.5872094042892693,0.38576633186563547,0.7337343695700104,1.050269936155311,1.4764872123127,0.1139706267271599,0.7965473950558946,0.27224998867893674,0.29838453235616436,0.686781358089226,2.187937332288561,1.7868521640291948,0.5401966027866111,6.5524648518802415,2.4353558015598824,1.7179416893009702,2.5866443706928677,2.4615808181007792,3.6697762510882272,1.8649493085872824,2.155411851393976,4.558952749875118,2.551053144848179,2.746444193602185,3.214206263348958,4.138363155822382,3.373941247275064,3.540420115297175,6.558230651687341,4.3588473117937445,3.810029316529448,7.891496332893068,8.356170388467403,5.021688468612917,5.786929223416473,10.339733973350594,6.788948492083023,1.6930909034028183,0.10441362497850498,3.1878154684627416,1.0651053733363676,6.722042991132061,0.5723494682074248,1.7969555280735705,2.853756268946569,2.446490103801968,3.72800948724881,2.1066448853295645,2.8859505722716015,0.4633301645568193,0.5415282722378157,1.6896685940212723,2.8285026344498023,0.7114668336414799,0.15308604292034297,0.9876676671205383,1.5174876672239297,3.4616852276815635,10.970761643121605,