% inf1.m



ratios = [0.34209041342797136,0.3629387529331203,0.34622281980717007,0.3588883095983232,0.35827873967372903,0.3280770733692757,0.345753993157583,0.3393879182965048,0.3563723482010302,0.3617478850128347,0.3627334916741183,0.34358069827774246,0.34585164503711446,0.34835829815756697,0.371221449656399,0.35314825865078087,0.37873910755794843,0.3370581389585568,0.3567278927610704,0.3370290732332884,0.3713582358563335,0.3824410066935066,0.3239005200295275,0.34782972439906834,0.35553885585082295,0.34076007215100146,0.3912847882178001,0.3831407783082186,0.3554140363728618,0.3437495002478181,0.3408231686190993,0.34834443907785784,0.3438670684922096,0.3690213800124075,0.34716529941506336,0.3689886521356474,0.34487883096202543,0.3176766826705491,0.3675641784348122,0.34693707741815155,0.347957380320526,0.3513870299247167,0.350026956822755,0.37563291538496746,0.3483284760712005,0.3551886892500932,0.35821639486745416,0.356198635721598,0.3184356657865286,0.35178053152625527,0.3529760364486689,0.3487619611746849,0.3475918040538174,0.3450320444565736,0.3637713332785038,0.37027152030695204,0.35030542967042017,0.3748945264480457,0.3489915333877957,0.36151521628778815,0.34865635306538195,0.35140252631535723,0.34597249016682685,0.3490973285675579,0.34129384993372336,0.43554910075397163,0.39291663208292066,0.3583254970023191,0.3467393007613157,0.3494350134999727,0.34559197974505973,0.3525846803341337,0.3482170527827581,0.3630217742627443,0.3436414665665364,0.34902338346285444,0.37399708317711655,0.35747546775772865,0.3626211695536142,0.3543433722020174,0.3433039544504466,0.360634043306156,0.35395846823131427,0.3465715185527025,0.36541849313710023,0.3651889234213981,0.3814387511383853,0.3440603883927625,0.3446193568986123,0.35875414462214184,0.3650173178813193,0.3507194058439197,0.3368548296287973,0.35852476849643405,0.35562788881352586,0.3453838614746087,0.35104834027515514,0.34991258223657534,0.3442983318061129,0.35455335685507505,0.352081526589209,0.3489001856820265,0.35596313782476535,0.35722073903966,0.34170356849063716,0.3501816286527852,0.34725705789337186,0.35724597635593375,0.34687312675962645,0.3406502585853847,0.34988514688007116,0.3544873247248307,0.34648251692811743,0.3609999510318185,0.38850881492533723,0.34488531820733537,0.347561380776258,0.39742805241995055,0.3368647003468121,0.38826046987042806,0.35427250495688045,0.35534013346652166,0.3491249776271841,0.3400605502275418,0.33962118219620346,0.3502734898678057,0.34480427653436463,0.3471265338648122,0.3608505913502689,0.36092685043391476,0.34767696826349803,0.3507498903376421,0.30575329096957893,0.3530176426667377,0.34470005133673465,0.34450198351676037,0.32966557646893785,0.3420635888675238,0.3635005483656708,0.3572618881077806,0.34630096661455273,0.3416725698852434,0.3494362237584072,0.35553920156799224,0.3620700366767224,0.36204680644289783,0.3677317651766705,0.3790399037535354,0.3560072485202797,0.35645188844484843,0.3652452726218706,0.36383754458259066,0.36138713994614524,0.34866721825304675,0.3557314623698376,0.3528800473939682,0.3572393624280146,0.34772670054675614,0.3305383458224654,0.3177877079055569,0.33359548307812836,0.32942802591142967,0.34679839988005123,0.3454909942782153,0.33313424137216247,0.36560012470899167,0.34718534529168843,0.35877738871954296,0.3233895846577666,0.35060187323421943,0.3473878910908488,0.3370066437294371,0.3539481636452167,0.360342398786663,0.3476652299394743,0.34140016114244515,0.36594087412640286,0.3461859652841305,0.3513148287586861,0.3086141124034204,0.33541278311541034,0.3423868841692088,0.36050431503237584,0.34671500671095545,0.33566425903067953,0.3464441016793332,0.3506751110579777,0.34896886611006894,0.3438895229372053,0.337726737902109,0.342515945449579,0.3457753694826493,0.3477743032002379,0.3651892555381695,0.34206466634445004,0.3678864432531819,0.3704325601685677,0.3900648293405204,0.36204142118162913,0.35396109375984053];

ratios = [0.2444530577878555,0.23990186210292316,0.24892659276995208,0.25575504174955466,0.25166622100861014,0.24596829034684467,0.24494834483480568,0.17608379322872134,0.23899512675288867,0.24302203258679161,0.2570434709508002,0.2512104681503419,0.24854978181372014,0.25068651384688256,0.23926337473142326,0.2488085730056685,0.30494123257602074,0.2474741366172661,0.2440323622395227,0.2468250114372288,0.2640107816673269,0.2659193031302954,0.24544994184213198,0.2332526306766079,0.24059251760944314,0.25361793516326725,0.25169400924961044,0.2550369599720126,0.26512997617401085,0.25749853594666294,0.24797502182571812,0.2503423241610572,0.24743507603638898,0.24309803447362516,0.252546898865832,0.2461438455866029,0.24131634839834595,0.2345521894832683,0.24517873123787245,0.24580871584092595,0.24353936563871562,0.24426167023665696,0.22739297771038747,0.23748670150287388,0.2410709697807873,0.2410269246075832,0.2590148699142335,0.23783713751751173,0.24500127797153495,0.24172512261796175,0.23859538628483176,0.24910045446913565,0.24306004976042264,0.24482037014811586,0.24085641021640072,0.2447718287135265,0.23946849683722998,0.2452020853892558,0.23693728742135808,0.24583676973113258,0.25052622654526757,0.2446285101280544,0.2506035827159916,0.24228240366127465,0.24627787022941539,0.24804026986311334,0.24928445332490515,0.24573513690579174,0.24535453277221472,0.24197968783437876,0.23090284872835165,0.23848752540834556,0.24112832843257231,0.24359068230578387,0.2505444732885403,0.26636886962717643,0.2647541224432361,0.24533325230148825,0.24317207183324654,0.24136980799515723,0.22608475134057873,0.2432351320777043,0.262797859266568,0.24209540479287311,0.24414571489118783,0.23934494300398593,0.24642563993170663,0.25859349976504303,0.23932494705364565,0.254002573781705,0.24501769568532358,0.2410130099021327,0.2522968128681349,0.2514406136682202,0.2538928935754752,0.23458564924707795,0.2270750316217621,0.2349806906134838,0.24613623583072522,0.23948333729140928,0.24498452710356658,0.24560892010562152,0.24004563228008063,0.24744312154978798,0.23133244223341276,0.2468336506540601,0.2475602536494233,0.24566256731047129,0.24192712045253142,0.2507781135659623,0.2492293076064021,0.2413418583260753,0.25712135140322095,0.23803182660128375,0.24263728614758365,0.24158677033471906,0.24236994521920324,0.2516360809320368,0.2338227940513049,0.2602592304254664,0.25152479155049123,0.25032278647094475,0.24272914648084157,0.24511970538080582,0.25213075606889424,0.24585923994713413,0.24420432284323818,0.2683971607218487,0.24009349854747922,0.24406098444321828,0.2494345662527326,0.25661288685642564,0.2367728058391189,0.23576298495134837,0.24783874594165495,0.24535588837638075,0.25784285500928544,0.24776011577450913,0.2411834682156037,0.2524359825900386,0.25600003609177396,0.2486273439657808,0.23990554437960993,0.24233721615136491,0.23882239251338708,0.24728625944135432,0.23960856356989377,0.24243500805801355,0.24848954553559097,0.25552048227626994,0.25572434254578,0.25199178734368666,0.24868344503597412,0.24671251417138237,0.2538993339871005,0.24066468234575453,0.23430278813302025,0.24022933626385812,0.24977704523134672,0.24233227536965193,0.2585287539558962,0.2647330917774552,0.21640094145386868,0.24102585350905703,0.2548811771838372,0.24766753376807907,0.2577909465063131,0.25073898534898187,0.24324297144238557,0.25407507830567283,0.24513221837114785,0.2557846333072097,0.24220311005427247,0.24584943295730025,0.2454685225322799,0.24691343823494322,0.23910262541086028,0.23050158998350428,0.24352811603203028,0.25861400404211604,0.26043220518086174,0.25995197276819115,0.24072662059313088,0.24940015215673855,0.24704645076674994,0.25024492729877806,0.22744564602756856,0.23246540875425312,0.24343875095458414,0.24877421770084004,0.23892221450186021,0.2381438737104673,0.23030055653831835,0.2434019841670393,0.23833793560437577,0.24564065034993346,0.25180477491434944,0.2499082964021079,0.24375219608549595,0.23805502250343546];


