% test.m


entropy = [0,0,0,0,0,0,0,0,0.008528645029637894,0.008528645029637894,0.021473868373335495,0.037740066853242514,0.042674668932538115,0.042674668932538115,0.04742725179477509,0.05202022816456479,0.05647099231492533,0.05647099231492533,0.06499891823077701,0.06499891823077701,0.06909688603374589,0.0730953328135109,0.07450383253256526,0.07700110374743849,0.08082012758926783,0.09668071277132209,0.09889857557268159,0.10216521464398767,0.10397382520889355,0.10549397180000296,0.10584420674963496,0.1165764261007652,0.11733129719542439,0.11825117962866352,0.11880184440099924,0.12192148200823252,0.124322461339009,0.13308162916759192,0.13308162916759192,0.1359140283248364,0.1360055048567843,0.13870477474381937,0.1394345212702192,0.14039785575720795,0.141454965505744,0.15419484654260265,0.15461054161331703,0.15756350375653105,0.159794251379381,0.16453497204181047,0.16521539513663624,0.16811841662623997,0.1746592917476915,0.17618936868612578,0.17902731698498103,0.18064053963620338,0.18309011523918095,0.18592276837133115,0.19346794965621225,0.19534209337307853,0.19534209337307853,0.1967149677420428,0.19709580766758042,0.19733634937297997,0.20124904755999573,0.20124904755999573,0.20506284790335771,0.20859611061927816,0.2100341046633592,0.21060347567225307,0.21145301944113395,0.21172422246342446,0.21240347759810482,0.2133888628939798,0.21593477928957536,0.21705199018221785,0.21859006842055687,0.2219239225007456,0.2225458727498252,0.22759839069709817,0.23073930421757122,0.2319530429936834,0.2331112888686124,0.23640771770249458,0.23739716430804794,0.23796641572342267,0.23967466299799897,0.2411583323151127,0.24172111786733347,0.24344013600826556,0.2438744266918771,0.2438766782382827,0.2438766782382827,0.2438766782382827,0.2442918659981076,0.24437993625379506,0.2452390442528585,0.2464263984516282,0.2471753358206356,0.24753856357983364,0.25067125752445174,0.25302094487026805,0.2539124435064488,0.2550977270495322,0.2560901975161966,0.2578447406852399,0.2613515063710639,0.26174593018152553,0.2618142019544375,0.26357062735942416,0.26359627323783985,0.2643593281472728,0.26502033756152865,0.26561054435461406,0.26665136907248793,0.2676753330348768,0.26939855175595206,0.2696730307233249,0.2711809559472512,0.2716043197248853,0.2734698486939318,0.27392726179606053,0.2761293322916446,0.2810667767438271,0.2811260579923837,0.2815080884131153,0.283639402909949,0.28403266723266773,0.2840665041903954,0.2855378795248182,0.28593606852792486,0.28609458910964275,0.2882841679588094,0.2909230767662772,0.2934534888159822,0.2934534888159822,0.29484021939882177,0.29521163715714543,0.2967353092976217,0.29772520088192506,0.2983126796157443,0.2995289277795492,0.2997290323955707,0.29978245376742096,0.30038608532866634,0.30051456152847006,0.30051456152847006,0.30062874130035466,0.3007286321704482,0.30081424071761564,0.301013950235478,0.3018701300669573,0.3028125244247734,0.30339687271282567,0.30378005269460795,0.30498197339708955,0.3054316812062988,0.31201568534913293,0.3124757108002079,0.31300469853836604,0.31717726723082107,0.31932834224366063,0.3199540508853721,0.32077618929554097,0.3211783293591658,0.3213828803304437,0.3256445243406907,0.3269066006722454,0.327460173253649,0.32898648512835715,0.32909256350206745,0.32919807596503337,0.3296505596355386,0.3296920333822349,0.33062195797436356,0.3311928666630384,0.33160952416536127,0.3334742864496771,0.3342930108908563,0.3350988807679957,0.33585621969327767,0.33969114602884326,0.3399526883507767,0.3416075949984208,0.34245383039618577,0.3427146583150984,0.34509350511226167,0.34597330031431306,0.3484419133026187,0.34857228330224155,0.3496102223391964,0.35086097442246744,0.35127417476344186,0.3523017580722279,0.35236615378694347,0.3528810778123533,0.3536792381587383,0.35529748313964243,0.3556876354704299,0.35624001386307896,0.3570092071289887,0.35744850287327373,0.3580173551897784,0.35817257959593984,0.3609065650113096,0.36152218170315525,0.3617409449843904,0.3619421646367567,0.36286972524775496,0.3632592260229007,0.36458732214671746,0.36506304082496616,0.3659451390329106,0.36709439136776345,0.3671838633655695,0.3674845304871197,0.3677241647837812,0.3680687054759197,0.36936778807543247,0.3700672840712437,0.37152941902816516,0.3759315816443714,0.3787831503713956,0.37958888430959264,0.37967094302764226,0.3800224576743849,0.3809425708302234,0.3825005518420515,0.38252368837917555,0.38271203924736386,0.3840042165733035,0.3849651561344193,0.38534498091068264,0.38953901230376525,0.39045908032455195,0.3908687569554937,0.3913061718121425,0.39168189565062195,0.3925039594884769,0.3934602724203177,0.39794404177798337,0.39989307701386756,0.4005095744671566,0.4019561560729026,0.4060980150878755,0.4063337740946977,0.4066595916234435,0.40686629766189647,0.4081106343098054,0.4094954497387099,0.4096650602983971,0.41056082851479697,0.4120108704028972,0.4124013245436386,0.41347862846864236,0.41525859847267116,0.4153038924902725,0.4176313502697791,0.4198467707796394,0.42016523217958035,0.42189938725705406,0.4219224650742696,0.4227853541929803,0.42334887107542674,0.4253121454369936,0.42600021766553764,0.4270870128689587,0.428896704579039,0.43026891526565186,0.4326787000430138,0.4331911210252263,0.4340185870620623,0.4344150474308086,0.4354675385246597,0.435824213685944,0.43779154467211584,0.4388652162783221,0.43929862661677593,0.4398173686943112,0.43993419837769837,0.44003619936855115,0.441635064154036,0.4419206071613232,0.4426577469564411,0.44302703676013777,0.4433019790955474,0.4434132062781632,0.4437444017760676,0.4442226827230806,0.44423271584091534,0.4464322196692694,0.4487855222518187,0.4490134660097208,0.4491522813146109,0.44983368824994263,0.4508893949634683,0.45269548074652666,0.45272539084738433,0.4546215611627507,0.4549840536025125,0.45500415549894246,0.4557834597118853,0.4557904633980675,0.4567620943293531,0.4575560135786346,0.45822742170843594,0.4610368340088246,0.461146964309107,0.4628899346470857,0.46407097858614893,0.4645546517313908,0.46679254056997754,0.4687555500983852,0.4702900774487138,0.47051478863336577,0.4712361527323613,0.4713001064449692,0.4747547424970236,0.4753827590742027,0.47595559784900643,0.4778631300967855,0.48133897376211116,0.48158865139721196,0.4821505963954263,0.48232281580893727,0.4829809610274916,0.48312089320668206,0.4839302190797098,0.4839439870508307,0.48835297915582404,0.4913705154864061,0.49267579996086003,0.49344664294871604,0.4941717744159652,0.4957916860233579,0.4966682295249682,0.4970389733274182,0.4971761102097761,0.49747452192180003,0.5006539172286529,0.5024860815634992,0.5025314388317725,0.502925195470967,0.5053873220378344,0.5066862191715991,0.5087719343640819,0.5110888032883937,0.5114158096215644,0.5117159175121088,0.5128084886985271,0.5133488451864685,0.5151535169217359,0.519182224741445,0.5199171853225542,0.5205861911203301,0.5213332711214131,0.5246455554469263,0.5246762557477168,0.524761544889979,0.5271691687592692,0.5276806952359467,0.5291930895141388,0.5297138476112311,0.5303182462012394,0.5307367682249283,0.5312411371327467,0.5318850310825871,0.532259909540029,0.535164700431469,0.5357036955778635,0.5365342776741513,0.5372187354704682,0.5372347998772287,0.5396834008436187,0.5398380907608215,0.5434971861465278,0.5435517139140277,0.544358477339824,0.5450713676164958,0.5452269769385959,0.546502336585262,0.5473224159021781,0.5474951955532564,0.5482059814743611,0.5488301465506293,0.5495781099557112,0.5500061877693795,0.5518808728117198,0.5532237235170463,0.5538396388213606,0.5539183631908259,0.5547112641536889,0.5551156092266539,0.5563339803618798,0.5571638480030415,0.5575171245724825,0.5593863077256854,0.5606047677635788,0.5610463693245982,0.5625216936192805,0.5648492222109716,0.5648589417808314,0.5662820210635553,0.566441127565437,0.5672685545334923,0.5676533038895886,0.5686162435148066,0.5686748846176922,0.56969944113115,0.5704733266421179,0.5741428540263078,0.5743983837443237,0.5745721313495279,0.5752881381538552,0.5754727983750582,0.5765271210898147,0.576998115278906,0.5791039545152749,0.5804356964899264,