% smooth.m

% success
x = [0.21052631578947367,0.058823529411764705,0.10526315789473684,0.041666666666666664,0,0.08333333333333333,0.29411764705882354,0.125,0.15384615384615385,0.21428571428571427,0.22857142857142856,0.15384615384615385,0.25,0.21739130434782608,0.18518518518518517,0.2571428571428571,0.08333333333333333,0.5882352941176471,0.6875,0.0625,0.7692307692307693,0.7435897435897436,0.7352941176470589,0.17647058823529413,0.23529411764705882,0.3333333333333333,0.19230769230769232,0.041666666666666664,0.7333333333333333,0.17142857142857143,0.8421052631578947,0.19444444444444445,0.1935483870967742,0.5588235294117647,0.8285714285714286,0.7272727272727273,0.10810810810810811,0.4117647058823529,0.7105263157894737,0,0.4666666666666667,0.4375,0.6129032258064516,0.45161290322580644,0.5757575757575758,0.125,0.05555555555555555,0.8333333333333334,0.3333333333333333,0,0.1935483870967742,0.46153846153846156,0.7272727272727273,0.38461538461538464,0.5,0.5,0.11428571428571428,0.475,0.11538461538461539,0.6153846153846154,0,0.3333333333333333,0.029411764705882353,0.6486486486486487,0.15151515151515152,0.48484848484848486,0.5,0.17647058823529413,0.18181818181818182,0.6486486486486487,0.22857142857142856,0.2222222222222222,0.8,0.7027027027027027,0.6071428571428571,0.4722222222222222,0.16129032258064516,0.2222222222222222,0.696969696969697,0.10526315789473684,0.02857142857142857,0.3,0,0.26666666666666666,0.14814814814814814,0.825,0.675,0.7857142857142857,0.1724137931034483,0.15625,0.4375,0.47058823529411764,0.05714285714285714,0.59375,0.48484848484848486,0.46153846153846156,0.7631578947368421,0,0.14705882352941177,0.5675675675675675,0.3870967741935484,0.725,0.2857142857142857,0.6451612903225806,0.6129032258064516,0.08333333333333333,0.5517241379310345,0.42105263157894735,0.7105263157894737,0.27586206896551724,0.5,0,0.6944444444444444,0.22857142857142856,0.7297297297297297,0.5714285714285714,0.675,0.40625,0.8214285714285714,0.48484848484848486,0.13157894736842105,0.5666666666666667,0.3170731707317073,0.7631578947368421,0.7837837837837838,0.625,0.42857142857142855,0.4838709677419355,0.35,0.047619047619047616,0.5384615384615384,0,0.6585365853658537,0.18181818181818182,0.0967741935483871,0.22580645161290322,0.5128205128205128,0.631578947368421,0.29411764705882354,0.35294117647058826,0.37142857142857144,0.4411764705882353,0.6111111111111112,0.30303030303030304,0.7368421052631579,0.47058823529411764,0.10810810810810811,0.375,0.30303030303030304,0.23529411764705882,0.7575757575757576,0.8214285714285714,0.06896551724137931,0.5625,0.6060606060606061,0.16129032258064516,0.5675675675675675,0.1935483870967742,0.45454545454545453,0.25,0.5185185185185185,0.7631578947368421,0.6129032258064516,0.7058823529411765,0.03571428571428571,0.6388888888888888,0.3333333333333333,0.12121212121212122,0.11428571428571428,0.6052631578947368,0.3902439024390244,0.14285714285714285,0.2571428571428571,0.375,0.3611111111111111,0.5769230769230769,0.48,0.7,0.7297297297297297];

% avg score
x = [195.25059112127394,41.97889522433403,0,64.75557790687148,162.61969477276622,0,159.33052627174575,331.919286303945,59.4788944266794,492.75075922216575,166.61175277820988,162.6653937817353,45.38705456537243,246.2505317503352,49.742542090488854,329.0486696622782,62.20540745660012,319.1277779991524,297.6121904491429,842.9940804024263,170.37763502217163,425.4952508744202,369.616599366436,459.3182283497772,412.7323428887901,505.3877847955563,411.3761274003946,225.66440251817846,196.4923235556805,45.71692525095566,638.4133673058225,816.9654533558447,586.6311273976856,1073.7075375866173,480.29894398135536,103.7061021518036,238.0429308298128,446.315242291605,374.2519494925198,481.71075805475283,326.28856532436595,490.69308859943266,744.0768527659578,510.61485813997655,0,472.2824679485152,292.56674126656475,440.60238421069323,645.1191602633377,448.7292639425471,433.93421983361895,411.55909670294096,531.5080236274144,691.3239249983144,838.4043828921217,538.95562504593,268.2227870906194,862.6934561633669,665.3474780902508,562.1872968149249,617.4456898953887,799.8010963760142,463.9587653770715,0,664.3716875188644,939.4216243481906,562.3033532968238,529.3366145606772,828.7570459673751,887.560536698032,133.5703032598418,603.0912676743177,426.7731042515277,1052.3927564641815,441.9506824220212,447.2481897951254,628.8819010407926,474.5517285178958,540.3147213761597,617.8923054748254,765.9611459169091,853.7234274928379,383.0367203413405,939.7611839930846,392.1443863968336,926.3081995630595,385.40683114923127,483.757426296447,530.8827371498784,387.517195839567,850.0249791248095,582.0851079591642,444.4064841601952,707.9729290029369,630.5444985606746,507.7807890081927,0,627.7413400700498,660.1649309159726,483.27964704304736,777.9761599471506,513.4109305286705,418.43830192283605,672.5742614401773,720.5051447666739,1161.9925291290679,725.335120211015,1259.5465490161048,604.4013606177375,0,429.08893125291814,729.622325145717,466.78662034246594,535.2068340416016,741.2039869636127,749.1573170256484,431.29096532805124,385.9088895586439,831.7901836605297,1162.651427701974,763.6684514714486,422.07192214304536,661.3091253858155,1027.0352154170114,804.1849615238166,983.4398348659568,734.7439076974633,710.3793130512275,590.9508844931083,0,828.4821389008056,824.5630557868362,1118.5448181736092,734.5601214272826,673.4171833981752,691.3774781016688,812.6757463385662,403.5530783705963,444.26686352911116,584.1095583880019,705.6867693392514,667.8941978556699,1175.6477335655259,1167.3809260183593,687.6140667824785,567.2975384056768,785.3005000272166,1577.4684318140967,597.4889413647454,579.1745173550687,1409.741017592966,589.9195511582964,434.20733041731273,582.4102689302932,794.2247470880084,1094.3258224611347,854.6872747120641,788.2821749043939,625.782902411975,1442.4580255592473,498.00914737498346,510.0073794239836,808.237868196697,921.9949639655658,708.2303232615336,692.5831161498617,849.6547531530265,1115.098336351896,901.5776616450403,698.5989404711316,717.069474055741,1356.2690262675997,1450.3585554182637,823.7419079927485,1012.1543268148033];

% score
