% smooth.m



% score
x = [3690.897774403847,12855.324368684349,4080.378600129323,4689.302347546418,2776.6702651087303,5552.822683465193,5443.443438164373,1940.4436613308467,4270.71275651193,3612.949395660813,1673.2121784814346,1555.6486590766074,3267.8606536395787,3634.5198637463263,20516.23592059869,4106.890167308081,8420.378874257416,5622.0875194831415,5011.852929888366,6341.431163339903,6300.389516191553,4679.444686627873,4992.125021370454,5744.4835787199,5568.764686122092,3521.2628903176023,7579.316169320329,12252.104810984378,7702.902029296178,2546.051991570063,4189.868917170128,2429.5247368953874,2987.009970671104,15167.692519646462,4825.60550856976,10032.814539729761,5647.126751895392,3851.1857171239153,3828.3969293273176,15856.610171693683,8030.510635160366,2521.3828347455474,9923.508674463214,5072.474054229949,4936.535969120305,14783.648267203253,12868.315375405276,5545.139343719918,2964.1591576303545,6629.666746565871,4312.853251425471,4919.354275065061,12645.478564704641,6415.211553178867,7933.94713264814,10567.133822888714,8287.071771098974,5562.4396066104455,7830.883410241385,7199.842407883203,24259.28161582182,9560.624998794643,9432.250240674179,3099.720709603159,8929.016407821931,14110.025059011876,5671.228156685977,5783.132453345098,2456.0101127749735,9825.229420304215,11865.395132195885,9341.365092282047,10137.403080830485,15602.965995568062,6715.973899914797,6851.167117559285,7535.204598396028,6757.962432963648,12139.107437622868,9704.505500121766,6434.286478600201,8252.13373697695,5457.454558835535,5906.78896856239,2399.98810706237,9626.04665975687,5872.2126036044565,10118.888240358776,4507.762735604615,6277.852623140795,8359.799170854061,7983.50272816127,10806.422447324332,7844.359355174215,15433.564403037228,8837.31248693899,4685.105385463698,4964.220042910335,9660.97001020951,5524.748181997293,10834.946763249207,5349.467540095742,11100.469149062405,5473.197942360948,15042.403351567627,10584.467596730301,6475.884287224742,4105.168547141446,5517.078938511305,8290.59222700252,13747.178154560424,14702.124976190618,21140.056865806826,15000.272069242965,14579.272848714678,33569.16745633138,9600.974367039147,19459.933417062784,15138.396975446514,11173.821995854929,7866.829265040403,11098.558999704128,12283.739778749503,10297.154961213673,6674.031427206509,10445.869218112875,5423.359880403741,10372.566683093655,6226.379370814191,2445.0983392526964,23859.665631272936,14673.31708012818,17896.541142630682,12760.362078073105,6037.034008804889,7619.743691379848,5988.572877926313,12807.183367312846,12503.60741901556,8192.15556549418,7725.574059019067,7627.928531674828,6613.238112906289,19039.092536563072,9996.530347004438,18798.345652605534,5301.928128248261,9289.818235054217,6644.068492587783,22592.44816436519,8209.585089538068,5139.767555535929,11915.58248492115,11089.270168909708,7154.898346630701,14146.588618024462,10789.211151189777,7194.859132140326,15442.117870051541,11697.105411333068,24051.976358039625,9961.650089940955,6861.850586299613,10305.283198204517,17107.269694119845,6670.88123692779,17959.140023512122,14067.871346119522,12754.00564210854,9253.674107750481,5185.734654627918,14258.310664592176,9752.520114975403,14844.94028820777,9649.171338159755,23190.54562613259,16254.849121546793,11679.695961552428,9727.789164525879,12190.846717969955,18222.429734492678,14961.415333452955,7409.2591319083185,12046.688828363478,12030.632050074613,19266.147967694786,4739.003738776418,8516.825641576108,12552.662406247853,11405.18417611547,9359.089894633827,15902.995449632273,5814.480409773276,13902.248743009577,11762.211194985512,19281.28493454066,10692.987696106587,14496.531380784498,7355.838496038249,13068.652770252085,11348.725896890775,15169.439926619032,5461.97536120773,7208.200171130511,26028.59436835786,9714.006718818717,13220.018799393014,12101.933141286456,5937.46833318762,10156.12351991038,16526.667822799845,10317.760385959698,5501.597388585673,6100.098485149254,11193.193414554256,9292.39800176003,11931.973911207688,31279.37008290352,25696.50752826583,18319.00660781141,18906.52464620773,13839.622907705267,14826.853809317921,12252.48511390908,12637.838608503022,19891.65395368857,7684.364878018151,13559.980861725455,18998.613504356646,14521.862830739457,9909.116263986742,19609.65890745156,15659.232003693844,14178.756376961632,9799.041868635783,18706.67127405269,16590.83996932195];

