% orien.m

% wide angle:
x = [0.040375020162808015, 0.047221939521796104, 0.007843137254313626, 0.6183780299511946, 0.4159821366659203, 0.3854524945189508, 0.3882550995157424, 0.06383851214029998];

% 90 degrees:
x = [0.32185544479998857, 0.3134557679799086, 0.4159821381879157, 0.3771643949572713, 0.4381640069115338, 0.43024808897799943, 0.1888877602686862, 0.28573680301718696];
x = [0.43816400866113986, 0.8541460941075139, 0.8153279748512094, 0.8543621241802204, 0.03615507705167684, 0.03350589773210105, 0.01616904150926686, 0.2496287146505078];
x = [0.4226270632399103, 0.5981818858281897, 0.6374858167386522, 0.6277221080636742, 0.24613603863995648, 0.22610277644455326, 0.10034841813261482, 0.29723885293308056];

x = [0.428212879134534, 0.834565465698029, 0.7065047755196769, 0.733296812376554, 0.04198740566776456, 0.02862387030141166, 0.06591736187856041, 0.2781919799785802];



x = [0.20546175525344423,0.1631108575919285,0,0.01240108886337472,0.030628430101643046,0.08951146831777772,0.03551131426719865,0.20964810046381133,0.19984615382318674,0.21536517988549467,0.2058730156608013,0.25098039215968193,0.24755629963697567,0.417918534611113,0.05829830881653871,0.17612165939668778];


x = [0.014139416767216565,0.04384447014681271,0,0.017537788058801674,0.0620054443170395,0.03941127694557057,0.07231015260621848,0.08812629433031052,0.08392523356482985,0.09685560027656101,0.09255234291132611,0.08812629433115468,0.301731514686225,0.6418926263676598,0.34261585035492836,0.14057606532247902];




d = [0.06320515595105441,0.010073863499712076,0.07596290886892915,0.07483794330985383,0.07608481971631353,0.08046246076083109,0.05996251823864625,0.041516264568750176,0.025873091441514985,0.03214455814629064,0.05218650917856981,0.04754899175579163,0.09728838167143959,0.08697033024104742,0.07874177781537317,0.09714042483588216];
a = [0,0.39269908169872414,0.7853981633974483,1.1780972450961724,1.5707963267948966,1.9634954084936207,2.356194490192345,2.748893571891069,3.141592653589793,3.5342917352885173,3.9269908169872414,4.319689898685965,4.71238898038469,5.105088062083414,5.497787143782138,5.890486225480862];




a = [3.0431230864693575,-2.748177478178527,-2.705017347146463,2.9785141223393317,2.973792176217653,2.8887565990213435,2.7631407543430773,2.6682446708889076,2.6024501052793063,2.5615797731910255];
x = [0.780402947769001,0.5979931172145143,0.5814349307372424,1.2889719007152634,1.3727165654110438,1.21331647647084,0.9089479204494153,0.6074028625725585,0.37640326587440875,0.2227947687469436];
s = [0.25,0.3401975000435942,0.4629373561436452,0.6299605249474366,0.8572439828530728,1.1665290395761168,1.5874010519681994,2.1601194777846127,2.939468984551197,4];

a = [-3.0271643366750016,-0.9548604045496351,-0.9490930251656847,-0.830619980062543,-0.844930675153836,-0.7759613435511229,-0.8278810983983796,-0.870628629559458,-0.9073888810800516,-0.9463302347969791];
x = [0.3898307246125433,0.8384441370812711,0.7556888888189711,1.130738456365449,1.0854414347704058,0.9315179065384777,0.7219971770348438,0.4975084305760489,0.31469051221216227,0.1885390103519333];




a = [2.313303209270467,-0.5346383482876833,-0.14858316575849656,-1.0364918092085782,-1.241263378155422,-1.2672606497254466,-1.2628414574818114,-1.268834733127612,-1.292374846682242,-1.3349263044110478];
x = [0.9302011879388861,0.5828048626511851,0.5484467482692806,2.26901929827915,2.464090759847104,2.17876715150696,1.5679908529236375,1.015321891563648,0.6231830188416805,0.372428384040032];


a = [0.37862348617783015,-1.9713194348146814,-1.9518326367886893,-2.2706349547901548,-2.879844645024786,-3.1031188957220173,3.1275695658478404,3.0761629285176926,3.023269551851574,2.9700082162880164];
x = [0.20537136148886853,0.459717995698524,0.435875425684141,0.5753741893899974,0.5587215642586381,0.6008096453783899,0.5502155613461084,0.43891684051745455,0.32089731842058433,0.21286064571139648];



a = [-2.7353513350332888,1.8511672239933006,0.5309745895568582,0.9117860815147658,1.834941616531319,1.9660853156926983,0.046486373017534055,-0.5521040211765029,-0.6077182923730421,-0.5276209816533807];
x = [0.07958206874155004,0.26654964651207735,0.18823127700943643,0.3036882561243146,0.0801190123459397,0.03022561735217847,0.017404964661732632,0.02613456909815597,0.021434296215777502,0.010673693402031066];

a = [-0.26660888024150936,-2.894366235733121,3.127328031580468,3.026508731335311,3.070033877868438,3.006724357957435,3.010738988689277,3.0374224868958364,3.0561716851202902,3.058776316253553];
x = [0.6484859253520638,0.11915988651270729,0.047571306951981425,0.1352255841600058,0.10893805325662108,0.07787740596157379,0.05024125640565993,0.031841748095095025,0.020969686300820148,0.014462765142859439];

a = [-2.7353513350332888,1.8511672239933006,0.5309745895568582,0.9117860815147658,1.834941616531319,1.9660853156926983,0.046486373017534055,-0.5521040211765029,-0.6077182923730421,-0.5276209816533807];
x = [0.07958206874155004,0.26654964651207735,0.18823127700943643,0.3036882561243146,0.0801190123459397,0.03022561735217847,0.017404964661732632,0.02613456909815597,0.021434296215777502,0.010673693402031066];

a = [-0.08670322628488417,-2.8876376120064156,-3.0729318534527725,0.9689148841970723,1.1701149564681714,1.1529725298447646,1.0955115875970933,1.0181516804509099,0.9896874283198367,0.9786813675895998];
x = [0.3113024603783524,0.47184079152069786,0.5191807228991782,0.618119174158443,0.45000153925584585,0.29016649201576056,0.19790786389128914,0.13023660530628456,0.08275369075130419,0.04976030248408893];





x = [0.3636290237298194,0.6044306486931582,0.04539543883334915,0.1179734035825778,0.08207235111994239,0.7182896512282709,0.5510466780276085,0.5635882185787128];
y = [0.3546606274984515,0.11385900253511272,0.6728942123949218,0.6003162476456931,0.6362173001083286,0,0.1672429732006624,0.15470143264955816];




x = [0.3150462393810931,0.3139215072474013,0.08671899767003098,0.24421015651375766,0.3977251733511856,0.08084520862277773,0.1008232165047995,0.3063345072193889];
y = [0.08267893397009252,0.08380366610378431,0.31100617568115463,0.15351501683742796,0,0.3168799647284079,0.2969019568463861,0.09139066613179675];


x = [0.38441375248970755,0.15379350236234052,0.027169424432687835,0.49830161375409243,0.4076545567031848,0.40566916822509763,0.36695490400914804,0.44106752467470883];
y = [0.11388786126438488,0.3445081113917519,0.4711321893214046,0,0.09064705705090764,0.0926324455289948,0.1313467097449444,0.0572340890793836];



x = [0.5529272721248483,0.31742912108543886,0.016637806512661044,0.04331514214235214,0.04313725584060248,1.0646751872855476,1.0264251717806676,1.0859346805901555];
y = [0.5330074084653073,0.7685055595047167,1.0692968740774944,1.0426195384478034,1.042797424749553,0.021259493304607968,0.05950950880948791,0];


x = [1.3835848858384237,1.6290026250430611,1.897999953900996,2.1935097132884347,2.531849547798326,2.935709485168682,3.4336139136735766,4.10301837205471,5.144461014038454,6.294644801307848,5.385914227480943,5.282799415534413,5.778133159928487,6.745684338671506,6.1583704693341925,1.326286351365632,1.3280108359910365,1.5477861076571262,1.4710350788581787,1.885395114918455];
y = [1.3982271840215978,1.6758156402721462,1.9913195392806948,2.3507090302375615,2.771560558172808,3.3049494155967083,3.8681253374989377,4.346615932605517,4.638260488087837,4.782809655362099,4.696609446339785,3.998819452262166,3.2071328643700907,3.057010192601362,3.072702313228582,2.0169300184776713,2.172020682087586,2.3060677260225937,2.206089998585633,1.5291370710938799];




x = [1.6196086211219936,1.9840556349102356,2.3959289679023406,2.8519807808362847,3.347934535815717,3.8696375677571515,4.465423315742358,5.0821610759624996,6.055135615365777,6.921267180548619,7.469970793283496,7.425548901342123,7.264178299921469,6.585690465023268,4.5115443982112735,6.703218810374028,6.446375120684355,6.101735338047603,5.12713582206122,2.3793522434716143];
