% proj.m

% sphere curvatures:
x = [0.01275343336131655,0.02092985262858489,0.025780929688793898,0.030172979961961086,0.031977462633027566,0.034500026598102355,0.04160183207213723,0.04611724591262634,0.051874514653653156,0.057403289514123435,0.06300218138747375,0.0678026253695457,0.06799049277150469,0.07024288671719588,0.07435692724958207,0.07932882726264434,0.08054255923063226,0.08185241838824098,0.08286310467702321,0.0830288904684418,0.0924227741044765,0.09259643978522414,0.09393991122320201,0.09408663183743213,0.09427883368114175,0.0989356499612282,0.09978476604168796,0.10001562910105909,0.10114414744638775,0.10240075785403846,0.1042718703900109,0.10592303994819541,0.1062465326485475,0.10645407668263518,0.11298229314444647,0.11309765004626977,0.11325646690495247,0.11510178340817007,0.11707927571802032,0.11818908835658005,0.11885628107650255,0.1190057288783173,0.11906742052275347,0.11967681040628694,0.11967811670567872,0.11977971771484319,0.12111258958964544,0.12718872009593993,0.12769443712760367,0.13370185643812652,0.13530184515463534,0.13580455812746048,0.13864738459817685,0.13880098980047592,0.14034801556535687,0.14278953844337994,0.14404938829037478,0.14449470783064597,0.14496656780074207,0.1450030068533851,0.14588934998157513,0.14619300021093648,0.14642166178159285,0.1482688611535601,0.14900257506968317,0.14987796304054357,0.15148335595002177,0.15152706437866315,0.15164278961708005,0.15240398997481766,0.1550253437213969,0.16000768851161457,0.16084885142971306,0.1647353891254728,0.16477952371503615,0.16583291965914979,0.16626520288957142,0.16734095964503307,0.16819455884562132,0.16978044074140572,0.1706449518757213,0.17245130276644702,0.1739610606621381,0.1747219910044104,0.17534414656666292,0.1758583849266617,0.17742463820770782,0.17782855024253744,0.17818233020109764,0.17854622478145973,0.18165357219270534,0.18549232229033205,0.18727756756789965,0.18797245592073172,0.19001493519367066,0.19058155126402995,0.190646093045622,0.1908905678000819,0.19798812992640533,0.2003527156326476,0.201152732562954,0.2033595434416961,0.20336097724543223,0.20424748753066835,0.2043170178646847,0.2045684869604762,0.20517761633718895,0.20621007688081439,0.2064725591241684,0.20706533249536446,0.21145200132754283,0.2121084897544144,0.214032187639191,0.21486464663652063,0.21512461074606484,0.21544862705285123,0.21551098619418502,0.21739729154398396,0.22054522112336633,0.2218859104977376,0.2219230134339001,0.22215294944909375,0.2248141359666996,0.2254951313206476,0.22823119544404386,0.22957216539193104,0.22992057173742347,0.23054366959493675,0.2316167880672647,0.2320408346028991,0.23208696378246244,0.2323656950388269,0.2325585779720914,0.232588377030903,0.23347200747715174,0.23395191829175638,0.23448771195287024,0.23474833242252033,0.23476962544389537,0.23595297564585296,0.2373658763727909,0.23757119472481278,0.23822366766269903,0.23985864763540923,0.2409880751648783,0.24276722126844524,0.24551248115051896,0.24572654331846633,0.24660384564681823,0.24852861537736712,0.24884839952009247,0.24897179883885528,0.25084649891159855,0.25101420139527,0.25121780433455354,0.25379177777217626,0.25531992929077707,0.2560177852381952,0.25642011572706624,0.2571009510347456,0.25899804383720165,0.26024279044233595,0.26045425503605535,0.2611137879065155,0.26113969974938345,0.26156173999602783,0.2618427319536453,0.2626091449976649,0.26404210999758776,0.26572850956100685,0.2679874926421915,0.2685366155854737,0.26905109754419265,0.2694517636149786,0.2720176652126948,0.2723999661582694,0.2744864679283571,0.27451058844642284,0.277323059290697,0.2775374316125552,0.2780380569634202,0.27856946383802045,0.27862767704909525,0.27888087245813337,0.2799016607363218,0.2804685104416652,0.2807094809724601,0.282821544879899,0.2850363075456463,0.28595641102497943,0.28619505570662485,0.286250778525546,0.2903618783447135,0.29080690952690635,0.29100550155814875,0.2910771917968049,0.29110178228026445,0.2916875863983857,0.2917741122478427,0.29214894584428597,0.2936277718021024,0.2940361332616271,0.29563601615104607,0.295654333779369,0.29591992256376715,0.296114257329353,0.29813456044809006,0.3018651837495779,0.3029647539848003,0.3056283712155558,0.30608913835581253,0.3078806452792591,0.30817686785580234,0.30846769735547114,0.3089418642726052,0.3095315289745892,0.3105035920677353,0.31187195930485306,0.31262215999558585,0.3131193968716139,0.3138091399462796,0.31391611752941617,0.31782189269788047,0.317854928855252,0.3182350259941538,0.31911389315211436,0.32124198896573614,0.3214861478059135,0.3232707740088897,0.3235597312527643,0.32415827073729603,0.3243063811000425,0.3248962270895308,0.32516124206112423,0.32618175341518024,0.32722368640859484,0.32723799330421177,0.3276633512058271,0.32819170716903506,0.328469337603508,0.3285620995854363,0.3296692313542375,0.33035823285543187,0.3305320917342404,0.33230803896993516,0.3323310998370032,0.33260187361346766,0.3326208232097311,0.3330169308342067,0.33342859317359014,0.33388238727725805,0.3367785535855621,0.33680888673363646,0.3383760149412673,0.3387571287893057,0.3398537335866157,0.3415146178363149,0.3417863609211986,0.3436796593648336,0.3450364799997465,0.34527190347948955,0.3452727661694518,0.34559097446022535,0.34760836050688326,0.3477857386298996,0.3499626927084789,0.35180510559410466,0.35349227037769154,0.35422858992484396,0.3552561562915091,0.35573668144495246,0.3577325970719603,0.3581154101849594,0.3589005084952419,0.3590401581595298,0.3592677183730224,0.35962336035706727,0.3597877530092131,0.3598183677516563,0.3610573327786522,0.3610610531797462,0.3611948248709556,0.3616890496047703,0.36169563369900964,0.3631250059973468,0.36367835183313546,0.36388346804738897,0.3650815104224808,0.3659121739566529,0.36696301451867397,0.36711201770973456,0.367135028190759,0.3678350289437735,0.3683606598993289,0.36874553275032695,0.3693010140634256,0.3711017519540343,0.3712626831998956,0.3713185164629361,0.3716871049472798,0.3722119462260471,0.37265142069172336,0.37276917320616215,0.37289826530149683,0.3731745460208374,0.373894247890329,0.3745251041295391,0.37623647297056967,0.37633568435913667,0.3771296558214859,0.37800990616927854,0.379035968718428,0.37976098116813906,0.3802407557701093,0.38048888885741944,0.3806044463276176,0.38185876717699113,0.38205175280591,0.3827089537414993,0.38554542982318657,0.3870789748383555,0.38725426128676993,0.3880589484677511,0.3886630534374381,0.38998953028785954,0.39347925234718534,0.39356836983017773,0.39508317664602466,0.3951597644794927,0.39608702660157374,0.3961071465701994,0.3961791557189441,0.3978193770663699,0.39815689880759914,0.3993066656402582,0.3995343857371605,0.4004082030593534,0.4018527907332362,0.4029928654365642,0.4031319876976499,0.40370138466628563,0.40373210310481916,0.40579528689704947,0.40670213082164924,0.40822523643833863,0.4084376501593656,0.408807309069465,0.40972033627582816,0.41101569411646877,0.4111757838726206,0.4129993081413255,0.41397391637444253,0.4140958319302181,0.41431836579105624,0.4161877808956022,0.41675259147416377,0.41905960543084,0.41955395384149646,0.41975279215102845,0.42150823487465694,0.42156305133384375,0.42174277822984685,0.4226691069588566,0.42288769325529596,0.4234142673598352,0.42454005681425405,0.4248630420800958,0.42694073517984954,0.42951355919283135,0.43010335735425254,0.43143105742587273,0.43158189529598573,0.43158243448637124,0.4320496796718201,0.4320707695178535,0.4321606660643045,0.432315270795768,0.43388156452228543,0.4340668690775575,0.43489231005691903,0.4367756970772188,0.43820359072774373,0.43830700560347047,0.4383764205218349,0.4397002583542061,0.44001440153427124,0.44003779281200905,0.4407665226085727,0.4416805847300054,0.4421636168950045,0.4423708251014961,0.4426510863288754,0.44271617926727136,0.44356757823806153,0.44398198805930045,0.44660315410223866,0.44923527597020096,0.449432404545619,0.45113168799767966,0.45183174619095734,0.45461895325984364,0.45540667593535417,0.4562175367511552,0.45684168873567904,0.4587421982442604,0.4596963141889631,0.46073079405623746,