% rd.m

hold off;
ratios = [2.221059764659553,1.7496869304040343,1.321022537989302,1.7352573591217648,1.9370919706695309,2.188903940455874,2.0805999997611213,1.8774463519509552,2.202108581879726,2.187202785107909,1.33643981277836,1.356862807509963,1.6993265273483216,0.5260556995806865,1.4195786717165464,1.69710320769274,1.7596289633277984,1.9602999469790388,1.7689738552112972,1.838434457435462,2.031194112744669,2.061653919862561,1.106351413493634,1.8055342820766247,1.8380939597644563,2.07787658371644,1.4544636173637662,1.8788510047606235,2.121869840846207,1.1736000232524226,2.253779350224064,0.682794141209529,1.8227735980298172,1.249874295079825,1.89916648788429,1.4592812898563263,2.268823248111147,2.112015484678139,1.4952718343160782,1.411090741756836,0.9341278930470379,1.9829702430233354,2.1287528020535404,1.9063576881654003,1.9251151376511444,1.873939342260539,1.0641604005307423,1.9253747797250973,1.8870768712836088,1.9202538636194406,2.1204952174902467,2.129089444765252,0.7621764426096476,2.23608352684397,1.836624911309893,2.138796349251482,2.0544365721081497,0.8515818636911134,1.4342112371633144,2.134609014794206,2.057130163058784,1.9594083483746956,1.1484191402363388,2.242338452697586,1.6069834048437535,2.259044306566267,1.8557410789176696,2.02557355219613,2.0609262051286796,2.2245418642759156,1.5405164352666594,0.95577676782223,1.5845112300086328,1.9120288830107042,1.2688892811211883,0.9011619883160317,2.159556857412718,1.7080819130214155,1.8919016075915793,1.4246277259025684,1.0403094536977378,1.647733012433923,1.7911668001916166,2.060885740590499,1.176501706878166,1.6440905511566428,2.1455011123970964,1.805479947711953,2.1596992442489737,1.7281328685122144,1.6978671962926486,2.4224043454605293,1.6872394158884738,1.8214960629709893,2.0377743099530505,1.0682397014064804,2.114516394631783,1.982249573074699,1.136310379222453,1.9839123864662322,2.087403204517651,1.8680078819438108,1.0569537145705015,1.6264074146706986,1.8143723149927202,1.464592421635808,1.9331870379779257,2.024410297637366,1.766742112117038,1.726683981580201,1.8631678510758716,2.001377940663399,1.8987304328172299,2.4130601952764175,2.1714335387365593,0.8008537445753954,1.9711148352465526,1.0795266811511002,2.1797998502403826,0.9153767230915625,2.0712916245289534,1.6221172155512433,1.39915567009393,2.103835785323034,1.4292630838408307,1.6867457155352956,1.813132047986218,1.7895042440994988,1.8060979139919782,2.053114048696994,2.2240264359396913,2.073998481594785,2.074558409936367,0.7367012930001418,2.2240271088258514,2.2941552532148193,1.6325332935930439,1.902162121964691,1.8887077020082146,1.7762895018915454,1.2485829720940336,0.9997294708076422,2.2100846107809335,1.962394087480036,0.8324364537253954,1.8231617182401358,1.933609995149187,0.716156229175429,1.8657858326631696,1.757840135459588,1.843049790058607,1.2846961477006003,1.5385771531560324,2.1152635925817203,1.9544211694691183,1.6394528801192723,1.8786744023169435,1.8334491102504855,1.6830275769508303,2.0797075099942055,2.345409106551951,1.5460184591702752,2.2041975309762334,1.318430009782595,1.8268596102599635,2.267487042140604,2.2600950182770334,2.0886427633918836,2.36073643851175,2.3750765852812568,2.254435493468485,0.9582229012986395,1.685182584678651,1.8827552293419152,1.400063164879298,1.7803739209403446,1.8227940530901412,1.9426494359905855,2.1963463399545375,1.9546248720200337,1.4606007003964647,1.458634500453895,1.3813808142355974,1.1811064929603607,1.9980215390939806,1.8888479531050755,0.9151269828826929,1.6569040206516925,1.5825109146876541,1.9802586020691644,2.086606506131924,2.186262177188093,1.8760774739904804,1.733539679726971,1.9400362964008355,1.6383217005317547,1.6488465260541143,1.8518453218806017,1.6842663008913659,1.547855811381153,1.9444408551834977,1.8221174721783748,1.3574614985494677,1.6412418076358675,1.5811456882413537,1.76072384903959,1.798201233490855,2.1185539942455955,2.1427924623981376,2.113033684412246,2.03038218295127,2.1060786116415384,1.8109411489796157,1.1560518635863724,1.9960329898598947,1.839678708102607,0.6048805235215196,2.225272248529632,2.191309692922162,2.146580658438169,2.0021499710807613,0.5540686110291889,0.9522642331783903,2.2611967760299603,1.8149787472768864,2.3986013034541034,2.066407255007325,1.7809829427266455,1.998142658613851,1.3686921727625634,1.476916588266606,1.4341904910232752,2.043356400452271,1.6025991628808365,1.7333952945458344,1.0857682596296758,1.9520426709347105,2.1270929285421944,1.9726646239232488,1.1407281684743842,1.9455764418438815,1.846528207178152,1.942378654073461,1.7517137741216653,1.7370056074916056,2.2170624411655044,2.1879426407071665,2.11646099500041,2.1634234324371078,1.2536747734335099,1.4815744361546446,1.5652793977009778,1.8593414879959191,2.1493254463900646,1.7513262831458312,0.955176795066487,1.5639676451838036,2.0678444818621333,2.257770816260823,1.9077422265873454,1.3484044696789137,1.9606934581802835,1.1194748088087512,1.6418366629438872,1.9918665665276374,1.822193400363413,1.042725697414773,1.2612741376237266,0.8131951637314875,2.0956887582233445,2.2425301157561925,1.8677607642160394,1.9718173861627357,1.293559173209533,1.734242270166161,1.6495302106434928,1.9335208852430932,1.0435460370986944,1.9654503197292141,2.0356035993279424,2.1903634827993446,2.083799516112565,2.057931096734274,1.8283845831918841,1.590857112352303,2.3457096360609175,0.9242173253833097,2.232864923980582,1.8155131863522047,2.4226593850889806,1.729312685474589,1.809228498701286,2.1988333771548243,1.859709234832723,1.8943756599451624,2.266231870976555,2.0553600975050554,1.8961775275847874,2.289570026934867,1.0399143779509576,2.1497416427493765,1.824333108735435,2.16348789223318,1.549539524349653,2.495086611560513,1.322122477052855,2.0959364350553202,1.0813583307875363,1.8196486971018557,1.073400209737206,1.6947748193402015,1.6038751025679465,2.2485401139960057,1.9114227521481562,2.0058151567020945,1.1753886314254027,2.2028599901791606,2.303885577835103,2.1886011182630307,2.1844769451460158,1.827866926908566,1.9064620489112274,2.374850810366977,1.8774004975443217,2.1911595333337632,2.2134988616548172,1.795652962458421,2.017399182151408,2.02501341247289,1.9474339552146887,1.3386645912917003,1.5103522144099306,1.7482311987782295,1.6196704665063746,0.751861277910449,1.4507990227616543,1.9690701200568148,1.9284319951541133,1.5846949465928646,1.8501946888902616,1.3179569710596608,2.18801709607418,2.020380112900112,1.2849763962206269,2.076645209748803,2.1283856159659775,0.8647605466262848,1.85818081755456,2.0578553259828123,1.840978255200482,1.4507127224137486,1.5463079436504812,1.9768586421373615,1.6163403245548282,1.8523895305337705,1.8408016684090955,1.5924439090443212,2.1490155060899725,1.8646475774158986,2.001216358023881,2.2110787700840433,1.740064862075752,1.9502231295469343,1.9187850223465932,2.2443514473070265,2.282033685697734,2.1586339990299312,1.9732810148367181,2.0609699033093642,1.6134179902142776,1.929829125498818,1.7638084670919296,0.8683012974878316,1.0184724707054855,1.8027046977250785,1.4434412164712946,1.4273609275882952,2.001532410315886,1.9784906254987398,1.8568033527423533,1.5609024480046239,1.9304496258673218,2.265093091084518,1.15303319619722,1.1256253876801594,1.9612373077306988,2.1918968993770376,0.8687253099617651,1.9699340290871603,1.6128130295053407,1.9837547204726484,2.1020514309905756,2.1941362318659285,1.9633471073122353,2.0217898795599076,1.6312151625840192,1.996747573969252,1.8689801630192908,2.1102657246485568,1.8109967989203943,1.9935145733159114,1.1701062812177385,2.0688919806377237,1.7929468105975668,2.003724861511106,2.3080136599937524,1.9759971342947862,2.0655748966936534,2.015930867087752,1.5195049545448915,1.840663772068792,1.5943887435028983,1.9985070420279478,1.8709235595862566,1.817999483099327,2.037719288574741,1.693584745289228,2.041922744248838,1.9196024704249783,2.1280777962305066,1.3262148466111412,1.342695452047851,1.6376751901594764,1.9875914769451821,0.9929516504151852,1.9707112276507823,0.941954536964509,