% rd.m

hold off;

rDistance = [11.933196291246754,15.57011866267972,15.732222664435687,20.70750198984491,26.960410730540985,27.18803620845353,28.125945081783883,31.772264250882632,35.29029340245539,35.43695373218354,37.59947655576083,38.78858952101792,39.751438584051016,40.74869481529762,44.99807539274015,47.81678256996965,48.285316630988284,54.31060141935686,57.97952548411516,59.81013346095739,70.11817298654991,71.7509579038956,77.67048710241394,82.38447088708891,83.86678225201591,84.22732547068833,84.82001086748862,87.26284508411148,88.72660154735426,89.92441056551617,91.35079781922835,91.82796609027133,91.92884958676534,92.41473279913251,92.87956155739809,93.14862507407487,93.80572439940195,94.27860381183937,95.76163655129969,97.668543407614,111.40966515858855,120.28558785219433,122.13492275873826,122.79432688468916,147.84864506288565,157.5008171566166,164.81639947572717,165.00650450288006,166.00215621712437,169.5831650050716,184.2717256611843,187.02378572523762,189.6915177510351,196.66727345638196,198.55382879005128,211.9991808713191,216.62629029105173,222.29490796291486,240.61047718015374,243.89778891733715,250.7710054690428,255.6031712906283,267.165399876766,272.65193558981906,281.74561867960466,339.12114729871195,353.0932858541026,353.9933075640307,391.43906679304104,392.977909876181,769.8922151603906,856.0482119870958,934.0431679670055,1552.8133726760943,1600.4215538279439,15320.813018626182];


rDistance = [1.1356838814489352,1.1522501787496233,1.6886928594202444,1.8031781988672897,2.0244465444321973,2.065028046708342,2.073539447276506,2.2064442412449528,3.120300301086152,3.294072164972778,3.7895829288095246,3.798882182821388,4.164685863747768,4.399405633271559,4.46628208958434,4.724162564153589,4.752653217575074,4.812626323978367,5.141953054355304,8.951578973940805,9.29226945113725,10.647903140886084,10.778509079937109,11.194441557500294,11.898723800979008,11.96933203519527,12.032496799411767,13.331721118607694,14.890688333657527,16.084492113253187,17.731333711896443,17.73492982291509,17.860901924289315,18.673681908908115,19.29153335152939,19.78921677301124,20.14988689739249,20.251081988733354,20.957141301527237,20.984133323585144,21.34345037020533,21.348353984699422,22.15426388849995,22.805279393679427,24.53447037672937];

rDistance = [16.987423206651222,19.126707572110078,20.865899414771548,22.47405010131592,22.78029933177059,22.888398400190276,23.797949695194056,25.452019274982476,25.899938779265717,27.416997626287277,27.809326534525223,27.85641637815517,28.82607521174515,29.1853747406109,29.3108819715344,29.407926301262926,29.691945842617617,29.864079077180108,29.937521827073876,30.21827036677832,30.28204483181191,30.670039188329824,30.715014688620524,30.794261412882395,30.934583843355906,31.145672164674835,31.179550803369867,31.40902074825164,31.691533451919135,31.70594589385511,31.81540946243379,31.859143510344175,32.15175827108143,32.43884897636765,32.4752357654673,32.578209479495584,32.836857469297534,32.8623981964235,33.12565542451323,33.17659119264818,33.21759276922467,33.242305172226885,33.2803824768436,33.391917689911516,33.43215358046345,33.59266151615506,33.92390989220292,33.952028835634444,34.00812999819019,34.12539307753594,34.29508022132144,34.305753943928615,34.83446160413066,34.949379589665796,35.03378034833776,35.04335570590984,35.13862962607001,35.2300098162566,35.45583904587371,35.54562863789069,35.55907173133817,35.8324027608128,35.90081547490069,36.02393836682003,36.10942153099268,36.11722383105791,36.35274839372352,36.35976519156138,36.44403856449852,36.462518685705625,36.52922305393146,36.53859149389548,36.74664921162366,36.96874280694844,36.98400524643819,37.255313300290446,37.32227487395131,37.46099055787346,37.74918751317583,38.17871518027907,38.30394612230456,38.35269618377428,38.4504924412186,38.53349133829225,38.70274801638466,38.718301730344905,39.01074136675883,39.02366098894328,39.083181619084336,39.1566050545304,39.248041276275906,39.273866455351815,39.28496830227675,39.638464688003424,39.79993547453608,39.88364287067811,39.96753712386976,40.115556710971184,40.16156741221602,40.19876931371567,40.28770775514498,40.315868030012105,40.50344024300706,40.50935821681899,40.51483115557489,40.74972531415149,40.98980727920883,41.21584041869315,41.68413056388104,41.72605714095755,41.97690915724516,42.00286293035895,42.370988534708566,42.57008077513807,42.75909868576545,42.842175728045504,44.27801321178265,44.4849968895283,44.685379101629586,45.3917110337623,46.291980480766505,46.615680211865644,46.76143677220317,47.02089177952589,47.086901106014004,47.50776049359229,48.015852993730974,48.457655084639065,48.693467807545474,48.90277001728937,48.96845613327411,49.13612955350029,49.42960284751955,50.916122418343775,52.16804772108985,53.53952974873284,54.087599392037944];

% BAD
rDistance = [0.019071816984491053,0.05091955863023016,0.06959318384772499,0.10170717637351333,0.14148238098551702,0.19595247287547138,0.3490150513782808,0.45641458203231056,0.4695258823400116,0.4712992618382768,0.4734879775036884,0.5386826348965502,0.5475573204760363,0.5503111070509445,0.739155938050611,0.7628539408449001,0.7645270835526538,0.9467891035687522,0.9615287225133198,1.0384560128733866,1.0610805231386744,1.0946392820543114,1.1132739469029354,1.1666615651748493,1.221579287239993,1.2520770107313224,1.2633340600123646,1.2886294078916232,1.3016611135971972,1.309253803543862,1.3556774667215288,1.3664172099721519,1.3720436170744956,1.4238510771902846,1.4498632096997295,1.4973212711612625,1.578691387145165,1.8682574432329444,1.8756425685413285,1.881487269373489,2.0341072490948062,2.0884427270136543,2.135490829342302,2.212681725865033,2.222028217282533,2.222481674654822,2.2489323134542083,2.277830756548796,2.286146915573528,2.3322225751934593,2.3692306939992713,2.5008827469721986,2.519754337010856,2.545118471408605,2.6184256824614405,2.6467719051687535,2.726989732909527,2.7703736598067703,2.815689875104504,2.881214070272689,2.93577868953493,3.021034100637917,3.0569577609979657,3.1449639153380207,3.2286700129594017,3.4677664262850962,3.5040888573833544,3.554717287839674,3.572520856808661,3.6512638795003496,3.744909520209255,3.829548121569698,3.8585583173984435,3.977421142790672,4.280503719198531,4.303015934432018,4.4483598506892035,4.515431062546263,4.973428777474785,5.408945308335212,5.959086457882613,7.789526273956553,8.276034040813084,9.36487898089428,10.238402568831196,11.909618688770388,16.62275829806163,19.795736027473076,20.474809089389215,28.49118018674434,28.869654778879987,39.24387794495985,39.43614070614822,40.179934509243544,40.631594598608146,41.737490843966235,41.98083007518606,42.36338371364251,43.23381289369009,43.94992857068486,44.02680184221153,44.37617526162161,45.588674902689064,46.22783168958333,46.45547883708707,46.907603148452246,47.1081762233996,47.127146979857315,47.20019509456217,47.710858883394366,47.72634175550845,47.845885501660504,48.08845392016087,48.28678844308738,48.3129862606123,49.329690344058,50.41517532013487,51.354463296758276];

% OK
