% rd.m

hold off;

errors = [0.0002541400277546456,1.3362648147754197,0.00034920010365497624,0.00009710651052823238,2.014588302493317,0.0010154161454327944,0.5900594896687692,0.25309522843454557,1.1257990729303222,2.0393072762718845,0.03211892876248648,0.1898511719652655,2.046276344582665,1.1339804202798776,1.1117159917586596,0.23323017647360383,0.000010469112896729648,2.064641993996977,2.034954184979051,0.02702718111697714,0.00028710177988931394,1.0998683540951988,0.2591764784023926,2.017997803361332,1.342939404087126,0.17308056400320504,0.4641224421545398,0.015413939639961871,0.13360557305858578,0.03848783796551826,0.19592535027055932,0.00240898252776203,2.031248612706059,1.9541550697434633,0.03569198434281924,0.018089030760059834,0.021742392660706766,0.7640198958378327,0.00006028133355482954,1.1188711125898616,0.6013414195693717,2.0441432938787587,0.00047944335409687836,0.0014533956457234033,0.000343309286257871,1.1183368074319369,0.0001526477367811274,1.3217934212277715,1.322510411999322,1.3195276133857847,5.245864156794024,2.2845718135992077,0.009816602059431648,0.010257483710201647,0.9099383926790505,0.026364533873525706,0.17319490466648396,2.0358665382464247,0.5945391356767532,3.0131680994155188,4.148434205850537,0.40252362830762767,0.2500434817696901,2.2597137156509497,3.369583482139045,0.6447155630471411,0.00024157577262332215,0.0010364312002991447,2.025961570578251,0.0001224890506600412,0.0007590355181735003,0.0005642163085328798,1.136947921786589,0.000010665999482202687,0.0001752557057963449,2.0304004503028614,0.03274749772913066,0.8984619632179927,1.736925147676195,0.6576954897680782,0.6208660100041639,0.5392385231944865,0.5974660183803691,0.25934554037845986,1.1327174976368808,2.0507976043906795,0.0002806003705629847,0.001157263060274457,1.140286537878089,1.1330145605807656,0.00004981466152929538,0.0030374724898539194,1.161041497892797,0.00011519496210728536,0.49670246375806626,0.7479716077473629,0.7409895199401411,0.22910539478890923,1.4429633968600593,1.1281514143521552,0.2538558503648387,1.117593906770849,0.23037292527042602,0.09723310092892047,0.33989041448658697,0.23452953358823464,1.1506362118746414,1.1342288605939428,1.1341914879709423,1.172457124222994,1.1649178606159638,0.00009945411138861343,2.035070602075346,2.03308713507112,0.00021016317220711727,2.0426430277634684,0.0022766063579869444,2.036639478455046,0.07561293109225461,0.5439503973663002,0.002387822764987833,0.002128942911201183,2.0314778275335654,2.035834258741868,2.378458132012457,2.0568635606558185,2.0078566229354613,0.954565093053946,2.0188421335489934,0.011468498264751138,0.000847809917486409,0.7437858358995442,0.22799829845819536,0.022110674296866802,2.3588279910958074,1.1150720570965076,0.6037611458345056,2.0406273113031004,0.6059363267207686,0.004027407635471299,0.0022984049424663432,1.992402614220241,0.26465637429584676,0.07267599225539043,0.33263844914691787,0.9409602452761604,0.0005138778835250635,0.0015030537461792402,1.1206677878695235,0.00016079636857176978,0.004412606015396994,1.161471301401903,0.003437546927079476,0.19794935224132898,1.136734916074467,1.1357195548601617,0.11498817840421799,1.6346888164215585,0.8241521398417323,0.12804944537561358,0.1706979107404709,0.45535565773429854,1.1569722168502974,0.31711957280455977,0.46801422055177944,0.15882137247431843,0.6708060385903704,0.23293713351082046,1.3459208290270537,1.3194003625342001,0.13333700690361674,1.340248385197243,1.352343173227192,1.3338215931044755,0.014508108216407543,0.039131100543535274,0.8928444000083677,0.4138039163883291,1.725348236385744,0.6751656240272494,0.6367231163153827,0.6616591068540238,0.5383987037369364,0.5903931168530105,0.2553799327397334,1.1215603349892338,2.036317128368739,0.0002921002557744756,0.0026253791555223096,1.1281170419403692,0.0007823820693899591,1.1209022911240916,0.0006424909805384533,0.0019254744110859677,1.1501132891223993,0.0003525949207414976,0.010442360044000207,0.009443369754884938,0.017189569201359244,1.0770967977366914,0.011962618582185698,0.029921848754023643,0.4364160898657887,0.1630370816104317,0.9000042263474871,1.7278349238727633,0.00845515404680863,0.018157891455967332,1.0675927727584198,0.29862991842773434,1.95353163151258,0.021724519299195166,1.0825611725887545,0.652505028539996,1.9956106299169751,0.2632379054192945,0.209538925342346,0.17215798452499922,0.19674276855945372,1.4810542197350225,2.012527064280605,0.011925432666372499,0.0002122262179353864,0.7306788717203949,0.029500881572815458,1.1028702340133676,0.2577274664020889,2.0220845896546393,0.6431582709026179,0.0017208780500649048,0.00011860025449365806,2.0161893742369315,0.6086321334404597,0.07956300400324665,0.09268602958775107,0.5310781522826591,0.0003302693414692484,0.00265702246801381,1.1354308586898854,0.000835021195298026,0.00005579343681751177,1.119103339652777,0.002068463429343927,0.00013720678780030997,1.15125027784901,0.012057327318434648,0.0004919536613517682,0.0012655596874842955,0.7431112682737271,0.031593669851577466,0.17557066984111203,0.000277820235150974,0.0012853607683357307,1.103587391517631,0.6180347543395056,0.026227429797599053,0.00038268888614377707,1.097758558461424,0.2604022732955238,0.6461166490914525,0.000109878571336315,0.0025407606273639078,0.0003901574185527743,0.001708263148950174,0.5755420531147044,0.2431341205824013,1.107091198657185,1.6143128333532506,1.3154635449834986,4.11872176683071,5.2497040163877955,1.0788938000576973,2.1208983189905544,5.258112234716208,5.161754069794026,1.2716844839028758,1.2754493534954752,3.459784758127692,1.3258576473713637,4.147717244521141,5.271116166690459,1.3125120214932091,1.3016962139030293,1.3191639911814446,4.146586073561643,0.030342033340405174,0.029761952320813075,0.03222360718948499,2.369797782372061,0.010539733407703422,0.010500997858445958,0.009905577503572485,1.3336156257171092,0.06757045437864832,0.009208997216849518,1.3079785540992284,2.2836737506072353,0.010916992297655918,1.332923422266405,2.3185820932086854,0.40070893572229915,0.0746729612542168,0.052229649782752616,1.721783010931497,0.001234075458197202,0.0020337400588794855,2.0216641324285134,0.02706812416302094,0.8844654235591161,1.7223039520766603,0.6515071949073735,0.6173277497323044,0.5206197813125633,0.002202743957580647,0.000006281994594137605,1.1352638401437636,1.1280506954644238,0.0006890189849211538,0.007322325657813744,1.1563943287687946,0.0015608326664154782,0.5923928264631939,0.5931537089841808,4.119498185995991,4.120158591590613,0.5883789696538477,2.4098644307149084,0.8030586459641704,2.9923557976585466,4.128885568777471,2.2187623408316814,0.6070633290202743,4.120520975025488,0.5989539037030893,0.6084821399957917,3.037694632677992,0.5906740302331459,3.0137482061728345,0.5817500341336227,0.5955381829759713,3.0390112472157815,0.25367086573772213,0.25137897651968966,3.365735194313693,3.3709253609532763,0.2550355430929875,1.7515291260485146,0.8989848708590312,3.7494838566091393,2.2781305201580393,3.3925320628582165,1.543314504610295,0.24591112386234915,3.3376727730627906,0.2483139632916698,0.242753780967023,2.2840677734149684,0.26909196626326537,2.322706026809238,0.2640558854258243,2.700655718614152,0.10580078863784878,0.1007067854845676,0.4316449936691892,4.199136436639799,0.00024441200143068565,2.054270357363335,0.04299091368318338,0.0010402858991502264,2.056209685234701,0.00008470081024769757,0.0004926342593058658,0.0012862139484905411,0.00003004090649666921,0.0001351365006154922,0.017686765798789,0.02771527935040384,0.024566517942646825,0.0004744206302862141,0.0006254655031325068,0.0001449130441642878,0.0007688974841446162,0.0017773324458241178,0.761787027125944,0.030462882602322137,0.1845394677964057,0.0006649721139856964,1.1217139071004452,0.02722120698948418,0.000529757414785989,1.1171741861297189,0.6579213669797754,0.00001439391400900537,0.0020451239933847567,0.000029116710127682606,1.1108879491570858,2.0338891699032047,0.1662451515928148,0.45476499982039714,0.012702617633405227,0.1401226067843813,1.9666864238703947,0.013447559125691618,