

distances = [0.019629483689859735,0.020462249130317505,0.02130238545996212,0.02131019914363187,0.02184461862606811,0.022249380384551775,0.023330102653169833,0.02433272512914447,0.024405501370895366,0.025118265903501635,0.025239553963211186,0.025749068102757112,0.026075323203370873,0.026377387169656357,0.026380652375085665,0.026399611541467048,0.026538176664480852,0.026672368069418466,0.026895167960291715,0.02708097736103593,0.02713241351632536,0.027287935873628183,0.027287935873628183,0.028026509678130845,0.02810970921646481,0.028130319032435836,0.028349665223801696,0.028507330935410198,0.029068462638431738,0.029068462638431738,0.029123456060010246,0.029158499539758572,0.02924129010376781,0.029374600325225677,0.02937574071058104,0.02957229225146377,0.02959986853559777,0.02982764695414959,0.030152600536219945,0.030432408571103277,0.03152175888616822,0.03199180888342103,0.032142513620473656,0.0323534962754947,0.0323534962754947,0.03266394843072056,0.0329813417816109,0.0331545537979265,0.0331545537979265,0.033448879902485705,0.03353245934231235,0.03366306186854396,0.03369804747325743,0.03406034821436885,0.0340750094833273,0.034139892537792364,0.034139892537792364,0.034141912539001604,0.0342039196639433,0.03426579800729536,0.03459064080958152,0.035247375266497065,0.03545503635610445,0.03551859430273612,0.03557020065692656,0.035841553472502355,0.03585635327689231,0.035866397647278406,0.03617191993336969,0.03644313083866978,0.036495418924397394,0.036808011328609454,0.03694014096546503,0.03718398307961158,0.03746711473991271,0.037651016035450596,0.037651016035450596,0.03767270899286054,0.038273312971853976,0.03830235424216347,0.03830235424216347,0.038350236433217035,0.038350236433217035,0.03838834770114593,0.03877332308449919,0.03878675123911402,0.03904777632727155,0.03906554514880813,0.03910720591538898,0.039126941870772834,0.0395861282854347,0.039831662796773505,0.04025128074047691,0.04050480544089516,0.041294509971342375,0.04163456003635329,0.04214412649031228,0.04222506044819719,0.04245905011327132,0.04245905011327132,0.042809856445697576,0.042812718076137485,0.042988354223804696,0.04304924803524772,0.04304924803524772,0.043343321226356764,0.0435222399036591,0.0435222399036591,0.044196730644393216,0.04462845021323161,0.04575645677421102,0.04586844887638135,0.04602580462240149,0.046162562704286765,0.04620507303175719,0.04620677861272145,0.047035066869936346,0.04718228688335158,0.04751201774394381,0.04751201774394381,0.04799141073089389,0.04856129014278802,0.04867972461263071,0.048838296530651706,0.04935356892646774,0.0497892526741928,0.05079960470251936,0.05086619717142181,0.050912849466346055,0.051385586410102276,0.051385586410102276,0.052667473166426906,0.05275282484673238,0.05281100275060803,0.05311683537177694,0.05317212601229332,0.05334468306470402,0.05345626505252486,0.053740509385825946,0.05414702875739895,0.05443664875695968,0.05444916483857233,0.05444916483857233,0.05457571843704448,0.05488242893678062,0.05527173152418512,0.055278090302092846,0.05612441817274058,0.05628400564028453,0.05628591826848512,0.05649171464048626,0.05659669458619605,0.05673271261633424,0.05701069814322633,0.05723287485929837,0.05747768258760073,0.05749082844655074,0.05750857261680499,0.05790231502583636,0.05796223526355528,0.058167936204969156,0.05838630271898459,0.05849476234651703,0.05860592435044798,0.05869402795290442,0.05881311651966534,0.0589679980273322,0.05906476649579248,0.059377165831581306,0.059377165831581306,0.05956159956996113,0.059791294530728505,0.059791294530728505,0.059794223707482094,0.06003154615013779,0.06030976975263191,0.060347518149063556,0.0606633070154161,0.06068461916859355,0.060759401706469394,0.06076075178287551,0.06145179566947572,0.06150643524116526,0.06221512719559959,0.06231903607379855,0.06247923189207695,0.06297356840463533,0.06297356840463533,0.064249338461723,0.06427734766387429,0.06427734766387429,0.06437485067580434,0.06546327731588222,0.06584461212521757,0.06600091229736872,0.06614453103664591,0.06670558293256423,0.0668204757125099,0.06686838125174707,0.06713912162733575,0.06769595938747204,0.06770681878173901,0.06774060400898874,0.06797074195550197,0.06805237366481648,0.06878980235789292,0.0690132125660042,0.06902538395367883,0.06967074738467093,0.06969307435965846,0.0700667871838963,0.07042134539728685,0.07046006180592627,0.07113504882898242,0.07157711070224554,0.07165853780857095,0.07179104752951761,0.07184115562885088,0.07187007427134236,0.07212760176265909,0.07265316524254792,0.0729314556517148,0.07297415945398748,0.0729823711965057,0.07329224061295116,0.07339401112671058,0.073673237419489,0.07387567193830452,0.07401560687868558,0.07401560687868558,0.07475240029437813,0.07561598545106736,0.07565056404504074,0.0761764851154913,0.0763744129615164,0.07662211446692964,0.07662211446692964,0.07667933737316479,0.07690140729810709,0.07693175129523906,0.07743137485733201,0.07759748171093823,0.07763025172237711,0.07769383334865906,0.07769383334865906,0.0782426172648961,0.07837620008837241,0.07863913708843882,0.07897440404427462,0.07908208954474055,0.07913982027218744,0.08017113149415557,0.08017859482156058,0.08017859482156058,0.08034188119106699,0.08035247395895269,0.08231306439610993,0.08242482028576778,0.08249514944656994,0.0826055875370192,0.08303084335939456,0.08324041929564838,0.08348061545888633,0.08379223790059445,0.08412942804649577,0.08529895986394358,0.08601251497435607,0.08619200581905964,0.08628216411192055,0.08657415718984436,0.08748126336449594,0.08763777478411382,0.08776450336002842,0.08791978890676906,0.08816604005661188,0.0882345171980161,0.08951232419418752,0.09047225229436837,0.09088920081725602,0.09113341592224256,0.09143710452953434,0.09228158245752534,0.0924314500548454,0.09336301181508502,0.09400546516669991,0.09425485591047185,0.0946536223387935,0.09486779483271596,0.09513500193991585,0.09568607417218745,0.09568660728731986,0.09574621916987672,0.09657096283221317,0.09695926153087674,0.09712886491061762,0.09825701271966836,0.09859253845397992,0.09913061745395906,0.10008228947074847,0.10050241101374342,0.10089066089332135,0.10130545403016372,0.10163188879208869,0.10270612282066044,0.10387274759602085,0.10402576118983439,0.10447339909344415,0.10458577228170025,0.10494973746463793,0.10500222346293304,0.10508121175119255,0.10595648631856816,0.10621882291764474,0.10732584900772153,0.10766996151502681,0.10766996151502681,0.10875848948418435,0.1101531039251543,0.11285159432469705,0.11313196630971244,0.11366900031727697,0.11463062059057585,0.11476145029070176,0.11540226611541445,0.11540935412502396,0.11569445627858262,0.11908862867582293,0.11944068449865125,0.1203411899649723,0.12080497511356515,0.12084793866127602,0.12255392371671935,0.12370029561872643,0.12547565191799714,0.12548819591186677,0.12768662026652983,0.12899766588228886,0.12930697076274206,0.13448633251185832,0.1356037097534156,0.136678333930035,0.13739261147419415,0.14115780460321153,0.14198348393094717,0.149826528548151,0.1510505773281,0.15124645377882634,0.15415695661468282,0.15461843474854484,0.1566831094248046,0.16755440134684135,0.17105645055355204,0.17177306088439265,0.17384901678263615,0.17533212953125768,0.18117647418862728,0.18684754210089785,0.18887353122488437,0.1988551450279569,0.20174223926270893,0.20288440679805195,0.21205384213153353,0.21367714996326784,0.215648441117551,0.2164482482279742,0.22200113952148154,0.22200113952148154,0.22392985919260583,0.22392985919260583,0.22394879492910127,0.22518099866368882,0.2265966288047793,0.2265966288047793,0.22805221444351964,0.22805221444351964,0.23507431434914844,0.23545389737580869,0.24062375293508265,0.24276944170580558,0.24276944170580558,0.24625729626178344,0.25416096186289233,0.25452779636287337,0.25508798286521167,0.25883171120073073,0.2733951830423686,0.29485314365755605,0.29485314365755605,0.3025258363077876,0.3043614466982798,0.3043614466982798,0.30443936434164426,0.30443936434164426,0.30582123652447063,0.30582123652447063,0.3130934032902254,0.3130934032902254,0.31734975687295736,