% scales2.m


x1 = [0.16884703413224572,0.29771951430008176,0.3425772502432907,0.23661697897260742,0.15485889646607265,0.11600372002561389];
x = [0.07831552320072496,0.09650771201317351,0.16642381712447005,0.19307070700039541,0.1016869617837387,0.10468534900676114];
x = [0.18969610088055566,0.3321148003934943,0.4691784200574336,0.34320135531370544,0.17051992832597157,0.1355071288542234];
x = [0.1371551311705009,0.21437042123844915,0.35320677449877624,0.4039590492604151,0.18617039592956103,0.15003288451506333];
x = [0.09305078853117235,0.21432301115099878,0.3810048739973163,0.4671822260262877,0.23082443096141803,0.19430740452715084];
x2 = [0.08653118963674179,0.15363739093116638,0.33081351730131553,0.3791892218624344,0.19994214338598942,0.17492713942086505];
x = [0.18114057766752073,0.2965240588671094,0.45568836411920827,0.38161541647888697,0.26389169000874785,0.18443042785295521];
x = [0.05914862363862019,0.13522175115583487,0.3833297085542864,0.37127678197878106,0.3025685878989603,0.21077744362297438];
x = [0.11614720640315795,0.21449714308449877,0.3737957772891552,0.43525870455243804,0.30367307340931904,0.2532204123843972];
x = [0.16124973729610656,0.26454762556896944,0.441216616668353,0.5076925323965229,0.32460681645882966,0.2849044375804058];
x3 = [0.1891882820007549,0.28515861099449363,0.4376027822618046,0.4467419253706085,0.3156419521261596,0.20697621631771232];
x = [0.10429010909429828,0.16595616209666958,0.41019667655513753,0.5056044331166303,0.36854308521886975,0.3294649908650377];
x = [0.1523209994767872,0.2598919207724542,0.4722328607875543,0.4238027030549298,0.40445677322143364,0.2896881675531239];
x = [0.11665170105114163,0.15921550385899222,0.37592002581242584,0.4884093521946911,0.4018613632711523,0.287071936151013];
x = [0.16680126397642422,0.21798264205346307,0.3837908876370182,0.41343037350069467,0.44748725434518116,0.3934625227822147];
x4 = [0.1282668282969931,0.14142081038634247,0.1196367084156717,0.0826188173225531,0.11636333159300409,0.06316107507631481];
x = [0.0808864155854706,0.10131545257344586,0.09862162518890596,0.14454640427909973,0.15318205610451105,0.13927657457452058];
x = [0.08137720559886247,0.1273868382590297,0.12425360307857448,0.1811802832462167,0.17635858264132073,0.13341090826229424];
x = [0.13047046587366606,0.1700313508578022,0.14415270467035604,0.1891758843461537,0.1336896894427677,0.0862856099660865];
x = [0.09690225460768728,0.1371792213548544,0.19353509432216748,0.15983679213892557,0.15380687980153882,0.085180074590931];
x5 = [0.14264036296400465,0.15220845008548167,0.1666170521773204,0.2029952804565197,0.16911911892454937,0.1254419063415481];




x1 = [0.16884703413224572,0.23184268450838375,0.29771951430008176,0.3042598000959036,0.3425772502432907,0.289025113151211,0.23661697897260742,0.2136878870086411,0.15485889646607265,0.13495262684933942,0.11600372002561389];
x = [0.07831552320072496,0.09247797499632875,0.09650771201317351,0.11815001135361913,0.16642381712447005,0.17195336103840422,0.19307070700039541,0.17388616866408513,0.1016869617837387,0.12773355929122276,0.10468534900676114];
x = [0.18969610088055566,0.24767355361035467,0.3321148003934943,0.36688128479774074,0.4691784200574336,0.37546488914051906,0.34320135531370544,0.21586262008955273,0.17051992832597157,0.16755440228796004,0.1355071288542234];
x = [0.1371551311705009,0.15289795531325845,0.21437042123844915,0.28489457073485663,0.35320677449877624,0.49683998066761836,0.4039590492604151,0.23122316218865652,0.18617039592956103,0.1340828714668811,0.15003288451506333];
x2 = [0.09305078853117235,0.14099448943937762,0.21432301115099878,0.26810220908340826,0.3810048739973163,0.5136582575766792,0.4671822260262877,0.2665285956411804,0.23082443096141803,0.1843442164040764,0.19430740452715084];
x = [0.08653118963674179,0.1166891869227269,0.15363739093116638,0.21943778137515774,0.33081351730131553,0.37734648374695884,0.3791892218624344,0.32191059834387087,0.19994214338598942,0.22799427171718906,0.17492713942086505];
x = [0.18114057766752073,0.22085693063401943,0.2965240588671094,0.40265922265262977,0.45568836411920827,0.41552262493630837,0.38161541647888697,0.3007950444378965,0.26389169000874785,0.23216306933208783,0.18443042785295521];
x = [0.05914862363862019,0.07951868309831878,0.13522175115583487,0.24135435522949222,0.3833297085542864,0.43790050419703264,0.37127678197878106,0.30485218758070876,0.3025685878989603,0.22852390079917073,0.21077744362297438];
x3 = [0.11614720640315795,0.15463987832130208,0.21449714308449877,0.29550795517416173,0.3737957772891552,0.5712616542164526,0.43525870455243804,0.3301392515850756,0.30367307340931904,0.2961832420767722,0.2532204123843972];
x = [0.16124973729610656,0.19790392227976242,0.26454762556896944,0.3889154665854241,0.441216616668353,0.5080650224778934,0.5076925323965229,0.37658961441901273,0.32460681645882966,0.3171520599127935,0.2849044375804058];
x = [0.1891882820007549,0.22255940837672797,0.28515861099449363,0.312799509383388,0.4376027822618046,0.3862895125066055,0.4467419253706085,0.36594550927512,0.3156419521261596,0.2922473931313903,0.20697621631771232];
x = [0.10429010909429828,0.12818387099586181,0.16595616209666958,0.2476403096942556,0.41019667655513753,0.5076953751842922,0.5056044331166303,0.47339139580377604,0.36854308521886975,0.30682430582775416,0.3294649908650377];
x4 = [0.1523209994767872,0.195626177949843,0.2598919207724542,0.33776987840323497,0.4722328607875543,0.43369837452863463,0.4238027030549298,0.46098854676632345,0.40445677322143364,0.37711537386699656,0.2896881675531239];
x = [0.11665170105114163,0.14271019387234793,0.15921550385899222,0.22041464118766563,0.37592002581242584,0.4937207452442692,0.4884093521946911,0.4505001191847671,0.4018613632711523,0.37055192962978817,0.287071936151013];
x = [0.16680126397642422,0.18981631832868004,0.21798264205346307,0.2736288853203769,0.3837908876370182,0.39374383284904524,0.41343037350069467,0.4922900646067572,0.44748725434518116,0.4045005115686951,0.3934625227822147];
x = [0.1282668282969931,0.141498618161992,0.14142081038634247,0.1404640973571403,0.1196367084156717,0.1086436914336039,0.0826188173225531,0.08686189996338825,0.11636333159300409,0.10480559710516585,0.06316107507631481];
x5 = [0.0808864155854706,0.09828708677231453,0.10131545257344586,0.09685995801608689,0.09862162518890596,0.10417865702241874,0.14454640427909973,0.16963012521685475,0.15318205610451105,0.1437438003223323,0.13927657457452058];
x = [0.08137720559886247,0.10407026238587662,0.1273868382590297,0.1234631836132034,0.12425360307857448,0.15061951890769326,0.1811802832462167,0.16394105894561364,0.17635858264132073,0.13545952526530725,0.13341090826229424];
x = [0.13047046587366606,0.15272382134160617,0.1700313508578022,0.1777839889806073,0.14415270467035604,0.16020783840248057,0.1891758843461537,0.1272926770979409,0.1336896894427677,0.11419200299316296,0.0862856099660865];
x = [0.09690225460768728,0.1265784755558417,0.1371792213548544,0.1761038146422349,0.19353509432216748,0.17981667028430326,0.15983679213892557,0.17073300694936178,0.15380687980153882,0.1256042486753438,0.085180074590931];
x = [0.14264036296400465,0.15784979450509642,0.15220845008548167,0.16035864509136588,0.1666170521773204,0.1892205809341806,0.2029952804565197,0.2150272056420438,0.16911911892454937,0.15601804579113912,0.1254419063415481];




x1 = [0.2575424341137509,0.29975744855395947,0.3217157074339782,0.3552893712860825,0.5633756070361693,0.5098079179776218,0.4109336530550738,0.3214184526589261,0.25548321124834134,0.2134665644849727,0.16767057051434409];
x = [0.07553776062636251,0.10552847466733803,0.13505922343391522,0.15594582134334176,0.21442781261068133,0.16748980743587819,0.15812698509269746,0.13555580400960146,0.20476696196498978,0.1794990728159407,0.2444037388928417];
x = [0.10783947456212947,0.1708837533786231,0.2859412220502313,0.43829301640108426,0.5610228154028161,0.48625250156281313,0.5012172268987303,0.29198187328674996,0.2472247481690362,0.3203834004890058,0.19952837499879986];
