% scaler.m





s1 = [-2,-1.6428571428571428,-1.2857142857142856,-0.9285714285714286,-0.5714285714285714,-0.2142857142857142,0.1428571428571428,0.5,0.8571428571428572,1.2142857142857144,1.5714285714285716,1.9285714285714284,2.2857142857142856,2.6428571428571432,3];
v1 = [0.08520941015858724,0.10771005546853787,0.13230117612267223,0.15549222562024745,0.17251055043801283,0.18002325245808184,0.1787055155876314,0.16761575929365438,0.15102160080489127,0.144492156684669,0.13384793513903923,0.12139634938772303,0.11052760059746976,0.11247952976719644,0.11887104683921568];
a1 = [2.715110163856441,2.6654761429519582,2.5874476541140305,2.485982522805937,2.3860186053273136,2.2976445862008186,2.2370220808389396,2.250025012179465,2.2299553018574927,2.064580945624944,1.935939730526601,1.824592748586617,1.9379674193869967,1.8448251969259672,1.7708061717350503];
c1 = [0.00006936415940900567,0.007134289129703594,0.023547609597018144,0.04330463586811732,0.05423430745891754,0.05386013367859621,0.04896278138311895,0.044827563662065695,0.041161102001764815,0.02961885330374009,0.020695342536275745,0.013368223818081372,0.010326099654767721,0.007739081785003343,0.0037842282995921924];
s2 = [-2,-1.6428571428571428,-1.2857142857142856,-0.9285714285714286,-0.5714285714285714,-0.2142857142857142,0.1428571428571428,0.5,0.8571428571428572,1.2142857142857144,1.5714285714285716,1.9285714285714284,2.2857142857142856,2.6428571428571432,3];
v2 = [0.10723069794378687,0.13183556467693924,0.15335359623151373,0.16804397463993614,0.17578840388710862,0.1758834420179161,0.16657983111661975,0.15593467506841255,0.14107118624451442,0.13056118098264102,0.11159850185340697,0.11833820909089485,0.09166635275558595,0.08579916902877065,0.07416187814128697];
a2 = [2.899282077143934,2.855562308313975,2.7863460772791484,2.688632078764519,2.57310223349242,2.4539081626721813,2.332530889279732,2.19121026927749,2.072513748209003,1.946289578792844,1.7727598722024676,1.9087606778460442,1.61977998531629,1.4436608395968167,1.8244120933429253];
c2 = [0,0,0,0.004030905839659087,0.006399751642729563,0.007584917410677374,0.00910739485863565,0.015056394960203905,0.020322169247406492,0.019910658804153502,0.011885700314221436,0.00952163334863413,0.0019757726448805515,0.0016074420543914537,0.000343905235182411];


s1 = [-2,-1.6428571428571428,-1.2857142857142856,-0.9285714285714286,-0.5714285714285714,-0.2142857142857142,0.1428571428571428,0.5,0.8571428571428572,1.2142857142857144,1.5714285714285716,1.9285714285714284,2.2857142857142856,2.6428571428571432,3];
v1 = [0.07952803576290943,0.09900889271112506,0.11682198383528485,0.12987677690701302,0.13747691032331888,0.14141470858153513,0.14626247983864932,0.1634766653011864,0.17171843827690908,0.18710492304425555,0.2067532264908744,0.2021434402012916,0.22336538200850842,0.20229891898190366,0.200960652519153];
a1 = [1.8105066421119889,1.82793503758217,1.8716489111211787,1.9511525484525474,2.072817115730072,2.225708060692873,2.3395497970654606,2.318992987816488,2.2342579891227894,2.19014949234978,2.096567589012694,2.075922036446598,2.003941036697787,1.8794026256284435,1.9058246872177729];
c1 = [0.01908001106113847,0.02014500791150961,0.018586522065935293,0.015397592119649263,0.01492969397536235,0.023712542293161422,0.03559943622522738,0.04063001860462821,0.04942936325653698,0.047265785513942865,0.046642471986809514,0.07602203019944169,0.0777415331554634,0.09081050782171383,0.10240423051263621];
s2 = [-2,-1.6428571428571428,-1.2857142857142856,-0.9285714285714286,-0.5714285714285714,-0.2142857142857142,0.1428571428571428,0.5,0.8571428571428572,1.2142857142857144,1.5714285714285716,1.9285714285714284,2.2857142857142856,2.6428571428571432,3];
v2 = [0.12214138035613631,0.15040120904121057,0.1772769498070882,0.19886266532918545,0.21497849257655496,0.22457131900057434,0.22675044090308508,0.2288072100401704,0.22544133039044909,0.2202137306689243,0.2183114631867865,0.2197162825686059,0.21005109651103915,0.21313890839054633,0.1879790095630227];
a2 = [2.0677456426731626,2.0728933636060694,2.094913969733753,2.130425930259248,2.1613498576381547,2.1681558344498604,2.1500082594501873,2.1219592222599912,2.0696810652681052,2.0042826901418223,1.9921186037498761,1.9653500597337772,2.0176169526711454,1.9322897837222066,1.699953434373];
c2 = [0.03724151690914396,0.03347539908845555,0.02314576876243879,0.018958843081524845,0.020109097939228875,0.015601371402231334,0.013930056603462783,0.014211599660215415,0.025396551161863685,0.05714968018876662,0.07772503740999279,0.07715585120104251,0.097186803762112,0.04252109297265149,0.018726063099524487];


s1 = [-2,-1.6428571428571428,-1.2857142857142856,-0.9285714285714286,-0.5714285714285714,-0.2142857142857142,0.1428571428571428,0.5,0.8571428571428572,1.2142857142857144,1.5714285714285716,1.9285714285714284,2.2857142857142856,2.6428571428571432,3];
v1 = [0.007843229295344731,0.013404981648006069,0.02200196378855251,0.03301105488938784,0.04296386535813635,0.04728592390498016,0.04494447241434988,0.04648970992521258,0.05166098047630075,0.05404375340041475,0.04100248164539118,0.03241540886792018,0.028766496947522372,0.01856779930879984,0.031064525999789216];
a1 = [0.015831934424062295,0.18375685367632505,0.4092598148384253,0.6252348461159936,0.8050141219708185,0.9772975135297944,1.2209254440788828,1.6720708274653246,2.001675954007192,2.1449250518564904,2.2965876143976542,3.094335678714424,3.0011110496160978,2.5035921274250894,1.470713963360598];
c1 = [0.00014764189869778034,0.00020733882509601834,0.0003162524823308889,0.0004497787788018048,0.0005716667106617449,0.0007415406911737833,0.0009626969880719969,0.0006406617496636671,0.0011288248761038195,0.002453634622140358,0.0023537144604691695,0.002248564709718702,0.0014163606466817955,0.001665640524238497,0.0016432739922886928];
s2 = [-2,-1.6428571428571428,-1.2857142857142856,-0.9285714285714286,-0.5714285714285714,-0.2142857142857142,0.1428571428571428,0.5,0.8571428571428572,1.2142857142857144,1.5714285714285716,1.9285714285714284,2.2857142857142856,2.6428571428571432,3];
v2 = [0.036645458667402285,0.04631713141487937,0.05581218031736324,0.06359601961889053,0.0686504597094471,0.06997501015588214,0.06551147296539966,0.04702272990542785,0.031474577809476295,0.023200037114256826,0.04357941810710463,0.039273498662383124,0.04556124605651609,0.05412797393434217,0.05827117633043125];
a2 = [1.7453824486748566,1.6816352853754362,1.6096042215538064,1.518701761396967,1.411700578437993,1.316541623834519,1.2683599294693213,1.4772495313939495,1.3584252471313574,2.604079858085414,2.8233218120374746,1.0879775474344475,2.1345468666111653,1.1690576891633662,1.309649773670381];
c2 = [0.006157039719301683,0.007598411752328936,0.008242715543202687,0.007409422165273237,0.0055944018694312194,0.002780963779988945,0.0012605282085123735,0.001429543315807317,0.002850710637768256,0.003962016187031664,0.0017358580652426783,0.004888001507374668,0.008307662124553148,0.0036336779200567553,0.014078637427794704];


s1 = [-2,-1.6428571428571428,-1.2857142857142856,-0.9285714285714286,-0.5714285714285714,-0.2142857142857142,0.1428571428571428,0.5,0.8571428571428572,1.2142857142857144,1.5714285714285716,1.9285714285714284,2.2857142857142856,2.6428571428571432,3];
v1 = [0.07206646992483114,0.09077725183425832,0.1101524988861735,0.12639441359644882,0.1377181733156016,0.14357848677448015,0.14438650206919185,0.14466628398159592,0.14353164178324432,0.13763666136188502,0.12293119221126586,0.10164830346742841,0.08954377808070552,0.08965783741943825,0.10237586679648115];
a1 = [1.6331935123609276,1.6260840896306366,1.6136391767605633,1.579205425921238,1.5251338882916883,1.463374734000377,1.399786239681111,1.3696085653792194,1.3121582571625472,1.2919094601889238,1.3735441604442464,1.5057974269844991,1.6783819781935188,1.7143552768140609,1.7754920876533762];
