% scores.m
x = [0.002937524076344876,0.0033579710213073603,0.0039272871338475734,0.003976320021900439,0.003987078682643878,0.004136942323988371,0.004181309271552875,0.004191859899019214,0.0043510513980606035,0.00435864012099223,0.0044940805157651816,0.004562117006718766,0.004563349346443561,0.004638570243920199,0.0047465268628214125,0.004813553092859918,0.0048810017484964075,0.004927071799916042,0.004930360851733293,0.004965912343264057,0.004986487206009647,0.005019880641622485,0.005053372020171202,0.005056444560832632,0.0050785692522865395,0.005094933638396271,0.005219637033061008,0.0052322620921467135,0.005272225222619012,0.00530654363623877,0.005356528562766765,0.005412869373101334,0.005418360311351316,0.005431700126514078,0.005440677955950367,0.0054497561824739535,0.005472809668481348,0.005514399347014715,0.005546406350047494,0.005596580861193281,0.0056079432269842645,0.005621390454379434,0.005653667038401061,0.005664969153671282,0.0056665011251712935,0.005697886696394023,0.005722685027431685,0.005726625025342997,0.005745260176860874,0.005754988763294549,0.00580723842656543,0.0058254414047959275,0.0058480158418002335,0.005860814545309563,0.005870636974277838,0.005976420722607865,0.005995960164739481,0.0059992776811338255,0.006012101342285069,0.006032434046205988,0.006035802051435286,0.006057945414861256,0.006063303292825232,0.006077958573388945,0.006083462047731364,0.006093899355487581,0.006096872696994782,0.006130091867840919,0.006147424364206606,0.006152740863221873,0.0061861408373111255,0.0062002228593305,0.00620346389235012,0.006204296494038265,0.006210475998408205,0.006217009264065666,0.006232667203573462,0.006245487440729003,0.006257107021210304,0.006263119303453792,0.006314616886992667,0.006328209337040744,0.006344689645805433,0.006417530903011786,0.0064452011281491495,0.006448094101783322,0.006448942757253299,0.006454088473669412,0.006469379264941445,0.006508424103087863,0.006531217773126161,0.006556920724325303,0.006557963397095825,0.006580524264590094,0.006602120925240976,0.006630830268743845,0.006640777610366521,0.0066653849850886165,0.006668256722886708,0.006669064485816643,0.00669336871260166,0.006695827891518286,0.006702278684872125,0.00670320460647811,0.006717205526183797,0.0067302188325585295,0.006754693628652252,0.0067655982278323375,0.006808796820012096,0.006825036936477833,0.006833614808789611,0.00685562859161612,0.0068658679486526585,0.006891774500195179,0.006892773250966925,0.006895593961533224,0.006905131338747752,0.00691440136459236,0.006915977328321934,0.006920415081541081,0.00692274844722009,0.006927034033385923,0.006948491475054147,0.006960119034540722,0.006977771329481798,0.006986642950488925,0.007007841439226181,0.0070122304966354935,0.007026793548519876,0.007039431120437255,0.0070430054284248535,0.007043480941954951,0.00705110429980444,0.007055313431816985,0.007074070689750374,0.0070778704701732085,0.007089519670156685,0.007089689712911065,0.00710283113236413,0.007112503363910108,0.007118433747378351,0.00712999051706633,0.007144590052751975,0.007151994853789002,0.0071530058779246215,0.007157725694938244,0.0071751676795681766,0.007196728683302326,0.0072013284754578865,0.007206187255174503,0.007207424756030618,0.007213123315110723,0.007219665376404811,0.007223099456473247,0.007231806983976274,0.007233110162212931,0.007237009153503839,0.00724590444708313,0.007248464961297978,0.007269910273522044,0.0072826350482561655,0.007291560099721367,0.0072974180043845795,0.007299948111247989,0.00730122618740975,0.007302114869537261,0.007309320356363014,0.007325594488982105,0.007331884156785856,0.007333441418270208,0.0073354492767200175,0.007352712204177691,0.007361497833870009,0.007381628990538736,0.007421319269960867,0.007427429899162655,0.0074368529514782745,0.007454563847994998,0.0074805632386671615,0.007480701329491394,0.007493091766040372,0.007509232217696781,0.007521680763988471,0.007523479900667461,0.007545730009887996,0.007546976771220808,0.0075620175420330745,0.007564580941037985,0.007583910317165969,0.007606239379321498,0.007622159339667032,0.007624477329418135,0.007632560594756143,0.0076359798557750465,0.007640792927314406,0.007642947437308813,0.007646278624317903,0.007652536071303205,0.007660009900663666,0.0076613762629862995,0.007672013346543822,0.007673605369351111,0.007675518487042188,0.007676323121437925,0.007679070948237872,0.007705549254442113,0.00770752407899169,0.007714039413020859,0.007733129435879359,0.007743840155185146,0.007748038166665078,0.007758839867404278,0.007791268773234142,0.007797101755052458,0.007806435731277873,0.00782171249042231,0.007832516961590806,0.007832579139235213,0.007849360437229034,0.007853907426585925,0.007854181458559427,0.007855529724573962,0.007858849846459442,0.007861326434798269,0.007875257717248205,0.007875739733647674,0.007893497277854565,0.007896018794426614,0.00789681040966531,0.00789797957639075,0.007901240697246526,0.00790222824709915,0.007907509514486736,0.007916259756434152,0.007921557050207162,0.007929228729416081,0.00793508432512921,0.007935810102515909,0.007940332382194744,0.007942412604946469,0.00795514578297435,0.007973473496986683,0.007974961881819724,0.007978593796723306,0.007985724420664867,0.007988585513014965,0.007994623400436857,0.008000526825381769,0.008002097177623837,0.008008218028179703,0.008011973786535578,0.008014336329868393,0.008021665811527735,0.008033159921337983,0.008035819103464832,0.008038651400613408,0.008045036184291183,0.008049296473828956,0.008067610808403444,0.008072445554614135,0.008073139242271899,0.00808848830213512,0.008097112015237416,0.008099479915677402,0.008102952843205419,0.008104539239436577,0.008106808546999866,0.008109652309952448,0.008122788091766305,0.008124316069388885,0.008144204570814375,0.008151957941860816,0.00815511335421835,0.008175143703638319,0.00817684206114085,0.008177447230734929,0.008193284136407108,0.008213378048041049,0.008220085190340573,0.008220245904223804,0.008226662476507114,0.008231045122558414,0.008235980387112644,0.008272412854303803,0.008342981415828689,0.008366225343051396,0.008373552498244247,0.008380828329109967,0.008385706417432073,0.008389275841045958,0.008391054796318125,0.008393590495927233,0.008404987175348882,0.0084103186733462,0.008410747839611123,0.008413364715347219,0.008420231715728515,0.008427555958210835,0.008458970001067745,0.008460912905530714,0.008462645180293282,0.00846296483164756,0.008463481584491858,0.008475839680303417,0.008493528318357648,0.00849514186336189,0.008496431516904384,0.008505653688670633,0.008511624094964724,0.008514247145233992,0.008520212050740853,0.00853589190085164,0.008544744903397435,0.008544865743014779,0.008545521450572758,0.00854633039116076,0.008559183254089595,0.008576507984825408,0.008588190852623403,0.008591463380216458,0.008597614371176511,0.008599367835472778,0.008601479240711685,0.008602679311569307,0.00860608561906249,0.008607153821835127,0.00860976420953749,0.00861089302129898,0.008614850140634666,0.008618769421745637,0.008621930271655594,0.008629241786244825,0.008630716905426177,0.008631074670838516,0.008632056634772485,0.008635386250347703,0.008639540272672367,0.008642111900035237,0.008644099565661973,0.008655027254975347,0.008678905796760202,0.008686252650035024,0.008687215927717687,0.008697572020853203,0.008704317687544844,0.008705194353197741,0.008709681963168804,0.008714520286795409,0.008715508354756912,0.008716186593847836,0.008717332878998701,0.008725827640500278,0.00872878922096551,0.008732166858995884,0.008734641789784647,0.0087574209218984,0.008770401497868407,0.008771476613096997,0.00877424461691842,0.008801808983186313,0.008811089369759488,0.008815860613544545,0.008816827039855427,0.008821817857291464,0.00882520929434679,0.008829124492280798,0.008829150727242056,0.008832469210189549,0.008835868264371024,0.00883679828212529,0.00883799093285572,0.00884450793013166,0.00886122084258199,0.008865052610033584,0.008889574776444614,0.008890937669932037,0.008892094576723726,0.008893320830977002,0.008901971547798967,0.008915820469779621,