% err.m



% R error
x = [1.1952696400958311,0.7780046289701287,2.162885025585959,0.034046982507476856,0.6996107380471017,0.6921027313695728,0.760147578126066,0.96060353885352,0.7919470201529785,0.9955767734139708,0.38320896616669026,0.477540221328632,1.009712686858353,1.491949862581788,0.60505847946628,0.6001025793134471,0.16372875392270006,0.38745883744366183,0.9453635669708116,0.18275894864162634,0.39910666394831174,0.28329942925108076,0.5147254271356226,0.3947588185082385,0.4618987306282451,1.7566994757795549,0.04907945840448053,0.19567552440338862,0.5062434451181984,0.17372783119956325,0.16995024492062752,0.5376099291225579,0.13250274471677476,0.2341652503262324,0.18811215550021163,0.7370944603242581,0.7129015194042884,0.41434723822073155,0.06470682633173372,0.004672564836190643,0.034655817742389336,0.36505387262474787,0.0674442128470145,0.3563657575880369,0.1134731518344485,0.31726932586927137,0.4107853837522954,0.03867439116585149,0.036152984300737,0.25249807667773244,0.14022176141156353,1.839386126722545,1.7317089140129667,0.2400900011345721,1.816700237066057,0.6926065553553461,0.21259010274853096,0.4283810987778872,0.2821680213279218,0.28925545804890934,0.536313125598582,0.511765775270646,0.19125159503765163,0.03991806528814464,0.6346703543556798,1.1948422440646411,0.2983683339118452,0.4908734779848738,0.24679004280852268,0.4720771537689416,0.12960857189974034,1.2875230796071737,0.024373360268524664,0.04300095613915786,0.04958713778111606,0.3045010634934293,0.6169706748508392,0.21476074060451308,0.5593192454798089,0.38321365524678286,0.5034913802950054,0.2818829747108128,0.0800202676233794,0.14346392449164017,0.15334871624692084,1.1452164266557858,0.6581365254088819,0.37604894751426815,1.4718351673314563,0.16645174095543475,0.07909030660744028,0.26921210881356944,0.9790279430660821,0.547667457403256,0.1402491411049929,1.0359169977735052,0.09475520558630848,1.7840073967434558,0.018891450786421064,0.8190191908121754,0.08893975847033882,0.6378113631517811,1.2615880985484687,0.19689364454810934,0.6546204809322939,0.5112656014878785,0.5073429666524295,0.7411103040386908,0.5515287216562418,0.010740983034155884,0.7632611683678395,0.3339348750292007,0.6895661728312349,0.7575437415642848,1.3971128292920107,2.5734877547908397,5.649058225270846,2.19976021018649,0.6621043752017426,1.4812671007403098,0.7415834432643326,1.0218165959561938,0.033123933687790895,2.2346557133290714,0.20180222929479977,3.6631815756973185,1.609652412343354,1.6820139487693766,0.1515087162670544,2.0605557637547753,0.5584865380033472,1.0949778593837858,2.099418767039918,0.902757524724684,1.3628398695817774,0.7448499465973224,3.988963372880402,1.2248330143423436,0.6103211925650881,6.368873493135352,0.2874819671594226,5.612471079223389,0.41514011151400676,0.2738913150221025,1.5067944531721464,0.5099804726593891,1.816366332757083,0.6630165466691851,0.6422041573937801,0.1390347342313193,0.4098713676953637,0.040340146205701984,0.19951107720880532,0.06198905071583002,0.24670440843730612,0.5691257014869409,0.2947202095498457,0.15641191733966717,0.8390029281273399,0.88587124222247,1.0162584330199986,1.4597272868657154,0.09330617415808451,0.11713847957794932,1.817938175596411,0.18996194053962917,0.4533451476284675,0.26932943705079865,0.29423745265230516,0.1319499376522252,0.4647552038660334,0.13775999693378027,0.3143082151698927,0.6933797804504214,0.012781611130786671,1.3634294932658286,0.20531716612007908,0.09110908901843544,0.13868869773071035,0.2674967920679821,0.10369358027217115,0.04660410469293004,0.3892678040797688,2.5612285298262436,1.5680043748236143,2.886682430835635,2.028899978363698,1.029379439820445,0.3819779127299974,0.9852337171266052,2.5708435338553457,1.3023490887965927,4.4473638880545305,0.7044514939249902,1.4827811428991633,1.246156213550873,1.3957637358186255,0.3970296645522337,1.0309822721592532,0.2121982199750885,0.6815897584132724,1.368709157976864,2.2730865602698738,1.3630045318294877,1.183807206126391,6.154717477891902,0.7483991748153231,1.411229174271475,0.16905483093790874,0.3831266767403536,0.05344168163182085,1.0314213238214536,0.41152426005748916,0.06317388910786745,0.3915483949467155,0.6326791402254021,0.70022177704595,0.19005974560870048,0.4720118264446838,0.6373602159743159,0.358045312421029,0.559046856490625,1.473684133976915,1.4787214390439007,1.65728295549814,1.320343060244228,0.7178109856533327,0.9940512781424586,0.6449283147317723,0.6213398632931731,1.1563399543931863,0.9837615495051586,1.6019152325001655,1.2430350999327608,0.38246391281015246,0.0029330840520422116,0.2547670923321827,0.0007470210169487627,0.0828226230642028,0.2297267550370871,0.441870452869441,0.14808784453825022,0.05110676502844,0.13707169809506559,0.10322498498429629,0.009320563046036366,0.22061742566526818,0.42084873785949556,0.4718341084303155,1.6313378851695766,0.3924889651127333,1.1893077538430905,0.003834214355832007,0.06738565110140997,0.16571751125715195,1.2251022551438056,0.3301072983517171,1.0460565118292513,0.6507558314579749,2.010273593550257,0.8199241682042959,0.5562037615126223,0.9093332185374049,0.861679630520398,1.6013002127449993,1.605573299464119,1.4336666705945813,1.1611713427997068,1.2150030978111348,1.3727985771209186,0.8472524642187218,0.1349951837372183,0.7358673942455451,0.9018160547340369,0.5479502141756147,0.5665768895659207,0.5826287713695429,0.831431331259723,0.7939546051682683,2.1053662693550828,1.8994173741804166,0.400794923529534,2.22620538468689,3.3043181857889987,3.565978569399643,2.4535886688842674,1.8538627300838981,1.5758639122925322,1.1965861006109575,2.0036333209659483,1.0056596727581915,1.6482226629687193,1.5858955951330966,2.537563519063451,3.9545690220286773,1.4261776083896303,2.1229425088802354,2.500550418154971,2.496542175162247,2.5208861993390834,1.3642928240966192,2.302329891758005,1.836814114366046,1.9101675541250724,1.612975164341889,2.385002452026105,1.7038139314195009,1.6241882323187145,2.188107657199929,6.0606021272061135,3.555793905864408,2.1072420250570607,2.0361350443351753,2.440958514939092,1.2648719480591988,0.945700874121249,3.937492286468634,1.9119881772889116,1.8080738392767497,1.807759119089194,1.5473196520921129,1.9492120139395877,2.6875362253125163,2.692923257150411,7.804515643991164,2.846346050176453,0.21190836301856739,0.2528972541352287,0.014924023764790253,0.10742720582276301,0.20784528431923766,0.5104644379488263,0.33211987595176384,0.29795579472088535,1.2815268506330129,0.2171000937447461,0.09041619364466985,0.1290793873661937,0.495439964629554,0.17637848201767703,0.09170831757490984,0.04017210101125822,0.6206462145039248,0.8109622876591103,0.051731270321655386,0.19990481064972584,0.3829484978349515,0.3790698673638441,0.18146815285615897,0.3676426273781289,0.2722758059932792,0.3642181666201444,0.833536908487214,0.5952764784072228,1.343839335149916,1.3561899915092257,0.01440395064223627,0.5898618735508939,0.1243032587181751,0.608285852229913,1.122434742668052,0.6441889056001923,0.9721889779402284,0.595470564735813,0.0788527469550036,0.6271751106280611,0.2744209664929375,1.7434029908777067,0.5332707993930677,1.0630003837304218,1.6566794852214843,1.9362329512080318,0.6456991885497853,2.4835748336794703,0.05605557988352463,0.6344142117388515,0.284565616219671,0.6449865445938182,0.8102579678758626,0.29481114148793175,0.14518491506289868,3.7867694416435924,0.15975476642784917,5.797998669069478,1.306723887314249,2.944398491311009,1.6066592572187277,1.0755750544954938,0.5844532793144871,0.9062884894550162,0.32896532574173754,1.5381007143422123,1.8955352415783175,1.704370683822785,1.4221395621869501,1.4600204765848865,0.866951141473922,1.3082105004472653,2.4587303016274045,2.187938696136086,1.4413820744147052,1.5485502710748096,1.2460405574428608,0.5815531596821605,1.3776492768893407,1.6549247120276884,1.5709060238221975,2.94810313001988,2.4985875396319526,2.879322369679348,2.917305409427655,1.7577648890335174,2.354438202411852,2.792099267658043,0.19785877576169467,0.43342578473030596,1.8549025477541519,1.756864493732715,