% scr.m

ratios = [0.6915868009534261,0.6905192356441828,0.9175445269509259,0.8900146099557419,0.8335082755925527,0.8502309476279657,0.9404769018407506,0.7568580274188288,0.9123993693180572,0.8678093602726947,0.8683989896136327,0.896886847383489,0.7637766487284443,0.7102424265138317,0.8279847911822009,0.9022416137106722,0.6102925029209956,0.35786584251775716,0.8587360829598852,0.7459009035753105,0.3426593015079374,0.737965622886258,0.94069780780256,0.8816827175771335,0.763054926178431,0.7611204501372734,0.8691353479205111,0.7698077275032967,0.9472224657702734,0.9341144010687606,0.36708732641995073,0.8141384149195934,0.9456041812001906,0.8815757240656151,0.8192875474399665,0.8952471473194337,0.7899673439442916,0.912645935379333,0.7226075103080046,0.6858324783431818,0.9306759879719219,0.8957605659907192,0.853699480269595,0.934517066507427,0.6574404028528877,0.674957549957789,0.9198950249661695,0.7721038002370885,0.8720476968045755,0.7742461451923914,0.6255761959413662,0.3338206412869861,0.4738398356414776,0.7791161082186366,0.6897875935450993,0.7599190866353389,0.938819565401108,0.9210422210149838,0.8202196505400935,0.9120515307338257,0.3579344339924022,0.46970612697528336,0.41263103518134986,0.8906685657455271,0.9273453531152688,0.8091148898770064,0.9201506283471677,0.7890391980968919,0.8415292395173634,0.8279975759577831,0.8022525435730082,0.5674957642712919,0.9063352522372192,0.6195789716266235,0.9252162465533097,0.8708187439224108,0.9249256359460641,0.7846968656462089,0.8601102238593533,0.9499977602433816,0.6546488289761248,0.8216308532834988,0.6084650567100015,0.491705305533225,0.8816601639925495,0.7830079012291364,0.7162596007811578,0.8711721255730873,0.6337541694746803,0.7205009033998898,0.646520429685523,0.7993656696577423,0.8506936217540322,0.8984157276451671,0.7579160675632447,0.8838943308567975,0.9030945736128674,0.7986123200321087,0.9254213181239361,0.9005648964301665,0.8662261803469175,0.7975354369260566,0.6456987692869545,0.8186822439327436,0.8181543769543944,0.9226082315673891,0.9244269486840514,0.8492304823188925,0.8879172621013722,0.8374368261576741,0.8542368979977042,0.8043159760035987,0.7938403089576326,0.37071245748892717,0.40870176053648355,0.1749827909400262,0.8888646855264067,0.2564249424343836,0.5550181573600543,0.8839012444935074,0.6890816324120116,0.40766382615749114,0.9302557586457029,0.5648011823545269,0.4095184258382587,0.9233467172009148,0.8796840603555077,0.45019319636748284,0.49556546376381483,0.7422956855838957,0.46896908672397836,0.7271382827305843,0.774522664791713,0.5426154709018649,0.4922177359158578,0.939524912466349,0.791186343177283,0.31043735482947127,0.9368978632230464,0.8849566673998456,0.8790903092059688,0.7127394765242449,0.7182940423513285,0.6583549735189974,0.36212757720588823,0.4063735493736474,0.9337587148611898,0.5878716836660011,0.7285323769503007,0.8314824321474678,0.46240085702606964,0.9034169507074581,0.8079592621189643,0.6765199489814971,0.6224708132130922,0.46502332864647034,0.5432566238014221,0.825432650641073,0.6520075507436038,0.5127843438614407,0.796087890335895,0.7644132558545055,0.9125469827361409,0.8041403479032843,0.7700577910409401,0.7990195342665454,0.3313726373368347,0.4035606643724552,0.9391174098846478,0.7149562916400093,0.8816672473023193,0.923388728718958,0.9094572286606175,0.6806476076567245,0.368287010153657,0.795082068726387,0.7827339042560302,0.5413875730760858,0.5638558012317214,0.7867381015302234,0.7584473663989838,0.7993568153977185,0.5425118144518277,0.6221758242527289,0.8135625538491827,0.8523101160429972,0.7985047942314852,0.7928728469254135,0.8896589750819927,0.9139446344488384,0.9342726806160248,0.7011277034849319,0.7137908342049748,0.8152730666812356,0.8275773901585596,0.9417409217171526,0.8978443375979431,0.8749168403025659,0.9475221484066338,0.6199257979665661,0.8561819189076372,0.8664351023034305,0.8591297013104049,0.9342158620009282,0.6767648523358106,0.7033135224758136,0.8697974060889876,0.4457769320084223,0.860977055757138,0.6733613817076344,0.7066781945985096,0.561675210298591,0.5089264882174993,0.39328750640866433,0.39485850191552174,0.5087471261244917,0.7021607544715485,0.7328567321155108,0.9223457992430063,0.787392952797362,0.650160208330957,0.8623045549729469,0.8997788166299259,0.9186827382242234,0.7452993603616194,0.9451936698965672,0.7338629140452246,0.5319082005619974,0.9446181906818084,0.6265986655533862,0.8201995959933657,0.5956991712045319,0.6001245436430688,0.7324227402724695,0.8456066154947588,0.9416994884984048,0.9148590172048363,0.7237166396012268,0.6633873887185208,0.47181551163082214,0.7145191515891447,0.5204882384830697,0.37075931982369553,0.6370895254455368,0.6311523168967872,0.6161659010307166,0.5950182798741909,0.7876953479172585,0.7170402383626633,0.8031910070217962,0.6895672015605447,0.6083434917853854,0.48427992970787254,0.6408162157361484,0.8274745194388647,0.9352291653314726,0.9419311102559481,0.9399057644059181,0.8647893456639391,0.8999727927162132,0.7512455895758643,0.9143063672819635,0.9257988471697761,0.9477049634693474,0.9282949956787391,0.7123000568804907,0.5266071691586883,0.6802263895895015,0.40965974845586506,0.9492189577450248,0.9457333100759289,0.889753859414338,0.475674102550781,0.9149643011897393,0.926593924652128,0.8651572111975715,0.6465343864820634,0.8598473939558999,0.8402678656039548,0.8315516258995789,0.8404614777303545,0.9329225112725569,0.6956853010041822,0.8916979603043097,0.7329420267546323,0.9009604260512702,0.8638348378504964,0.837730135684842,0.8729167391223033,0.4013794398654747,0.48660537730577486,0.6898643078512707,0.8767454106953327,0.9370604337486874,0.4569243485966729,0.8909105346367264,0.86973660166317,0.8058343455090918,0.886687185180776,0.8694826649941538,0.92649452682547,0.8567694716324913,0.935356159099846,0.39613025706648447,0.4469589448582107,0.8439093371959399,0.9227159560601232,0.7438242847013637,0.8910299535040547,0.9146022002151926,0.7133117174838989,0.8603666065532483,0.8943728035002743,0.49714249930862764,0.846321962122031,0.8195181774854701,0.5228612244887418,0.8510467360508512,0.7147815531514031,0.5804938298207866,0.8926491626060584,0.8882097568775775,0.7211544523706375,0.7832844759895599,0.6787367645187724,0.9492429133930037,0.9142100183277161,0.9423076837712678,0.8660507348168947,0.8632459595892212,0.8859287439040487,0.9243742435453157,0.806904504156342,0.7028370010460063,0.6066015822635011,0.945334387723477,0.8314339533797642,0.7662746381521592,0.907326702611119,0.812055022728937,0.6596319015718519,0.8517654754089958,0.5472483831559453,0.8771227652792437,0.745438491624264,0.8412965113700592,0.5213905420989013,0.8835381137504551,0.8662869341706304,0.7388220838417872,0.6548320624619406,0.893096246859675,0.9424791266063796,0.8237733606095178,0.8160923638340734,0.8979569576412301,0.9139365797630364,0.861549774034924,0.8098251037061116,0.547717671178886,0.8912429772145994,0.7807999046932304,0.6511217144467321,0.6567647376160616,0.7924179834855446,0.9435897127471247,0.9216249724038426,0.8525580898421294,0.6798432981210583,0.509269253361389,0.8760038897284209,0.8357292150666186,0.8536556172448768,0.896215260662882,0.7686589614441449,0.9448414634447388,0.6397792471261966,0.8677452218460822,0.8473006439997777,0.8626113311182014,0.8472138719520782,0.6321866365856216,0.44136431941806104,0.7829714792641574,0.7561009986453601,0.8967775073945529,0.8452397405903089,0.45221814125020143,0.7082106997383626,0.748416703408262,0.5929467485279071,0.5592570806719045,0.8047711949704385,0.769287889541303,0.6173146735177374,0.6306137516353014,0.9381054106966918,0.5082903068473656,0.5839236048735066,0.5593381289404189,0.7776822502033988,0.5865584099503302,0.527608619389924,0.4100226830259613,0.4409522558342704,0.5838215372661173,0.4536375837828548,0.9461194075527737,0.9452430217996753,0.6998108621539717,0.6455987761387008,0.7552401485306557,0.6419807349408463,0.9012118650645798,0.5212937500799405,0.45387506793793725,0.6831088828826005,0.5185355500979077,0.4077958641044198,0.5415549023921956,0.8018962212298884,