% scr.m


% [x, y, z] = peaks (20);
% scatter3 (x(:), y(:), z(:), [], z(:));







x = [47.91106483600935,-0.770313560163706,-0.8762131602865622,-1.5795853769514447,-1.2217019832467773,-1.3478053079059504,-1.3492956167356347,-1.1133654045237973,-1.13359873939136,-0.5801034707592684,-0.2106428190949682,0.019926445544697878,1.0817399958617588,2.7199155713239134,2.864636318252566,3.0899185812314913,5.5702532322920435,0.8455495593809353,0.26026989801948847,1.0978149703884394,0.8716202621277013,0.36105958962476375,0.49280177436112643,0.842272221211112,0.7115756505066486,0.9181026373012378,-1.4075310505321161,1.3921345777271237,3.8060630074655384,3.500635096131881,1.4267925807933703,2.068727255220402,3.407236391795819,3.398438905717315,3.771757891914186,3.748183181965284,2.8444470156909665,43.553874153433824,37.14323391390263,44.59976067256716,40.96032103037069,40.31817628549202,42.166547215029134,43.594567765743754,34.98201430438189,57.057303708632915,3.8781097738916968,4.565332538083778,4.187593009715535,4.426580800536882,4.702221454665863,0.18425407778029393,0.6620228728467309,0.9227304635599398,0.7694556934514873,0.6641821220282595,1.2031421296973102,0.9510431072268462,1.1282059312703687,0.27764421515357807,0.1918333317550908,0.8003094551341897,1.625079276662367,1.5661600999907404,1.9339113935285155,1.918910242468409,2.063728450928394,1.3181243878384215,1.5974539987355636,1.967248748069921,1.6474660227084967,2.493414277039164,2.2677673509197684,2.7743750693700817,2.3538989175305556,1.836938150640858,1.988903889646588,2.7239422639253363,2.253310549749033,1.617316456673279,1.4999930329735958,1.3188349829090864,1.8901986520971399,2.386258701653552,2.053199323324603,1.7034392395507236,1.985889430933489,2.0535652385954872,0.3130955847583835,0.8423783076594887,0.794596293131229,1.0995831129364795,1.1890426922912063,1.5862932033584336,1.850542072346033,1.6593091341208337,1.49273490171589,1.2511609229379248,1.4391403198903066,-0.10938950151287148,3.2880319657474364,3.304059169939324,3.1993443789154234,2.9625899158145477,2.698818349709182,3.278871415778702,3.3707694370530255,3.1039380918119166,3.5600168505339727,4.097386318382116,3.5176276088562792,3.796291768748344,3.847727074407016,2.6466862748332924,2.402468124690886,2.8518193628255815,2.1619557670519005,2.2287507103675823,2.332177761990859,2.604184663679858,3.310856410427334,3.1116395792977545,3.560070216561393,2.861145961055885,3.074287840317055,2.7714327149269016,3.0363677134789135,2.8497087839741435,3.439771060450404,4.202065922310833,4.252785071462728,4.35100958329931,4.431006765108448,4.320931955679507,4.54761171914079,4.9037895741270985,4.230393684802281,4.515345189041932,3.8467030313370043,3.704686302557515,3.424576958833583,4.987435269712252,4.033186654493429,2.3129541304005485,2.0921628074072776,2.5442374190199595,2.3837699175136073,2.266500634643331,2.1314676982709773,2.3557626505606586,2.5479852287671862,2.7408114920825066,2.997625081331262,2.9749991021756514,2.6539870363642333,2.4056080621787954,2.587560725343605,2.855905178559056,2.9754916938796883,2.85408705437315,2.187454226614168,2.097433997003994,2.3779786226227735,3.295096346184097,3.467432382400549,3.3015725652406114,3.485226854890997,3.264549021325468,3.2275086697195077,3.3846979130316606,3.333788681848981,3.137581711615838,3.1184746152645197,3.3382732977950473];

y = [46.54949923493425,-2.5869191943347793,-2.110582902366623,-1.3395179636421277,-1.581643111992457,-1.6681740350811585,-0.8607523263179526,-1.1847125687472275,-1.1009201802270523,-0.4648947108982907,-0.39685810145300227,0.3286232039759514,-4.20278067183228,-6.08551077299351,-6.3032072791317635,-5.757822815984728,-6.7029404533966765,-0.6422047004841496,-0.8794522786490321,-1.1356752866150657,-0.5476732355014328,-0.34159099623437317,-0.400950537647773,-0.4863516071651535,-0.2772458486390693,-0.04287504999978591,1.2026931558627432,-0.8321034573019485,-1.1940616889998146,-0.9655807092581968,-0.12298140171375947,0.1172638493906202,-0.3497322063177547,-0.4771836536923261,-0.15417766217114903,-0.19194907737814415,0.29220531315226167,-25.517513047741076,-20.659360435675392,-20.861413126920738,-22.001136117007718,-20.80516922079562,-19.842295425410104,-17.340623083259747,-16.064490943549153,-24.47448501406394,0.29122736384414516,-1.3450573766429708,0.04890218618471736,0.14316598964562494,0.29004459166465146,0.5166281750014895,0.4165363619402087,0.4721143806916029,0.8080515638341289,0.9075911276849533,0.8587019919797361,0.8439852541771737,0.9685336659406355,0.9564433107908882,1.2659029837260087,1.4498226198279573,0.6277585171740501,0.7382727960270408,0.5846430435414118,0.7113640135766732,0.709157292261909,0.9500864310439983,0.9040312684357825,0.8307534365636299,0.9834481875459518,0.547606080379311,0.7568131884143667,0.43993708964626466,0.8142211691100022,0.9795329577850354,1.1208970601432675,0.8708991662710349,1.038480710963446,1.2219256090936501,1.3298075919768042,1.3503623631015824,1.202217457432802,1.1776441677495602,1.280848943906168,1.3930582806798406,1.4934375844575636,1.6622950242640653,1.635874673279083,1.5257737374769471,1.8352452158656927,1.6624808165898768,1.7366650372230281,1.6516713983216595,1.6788367517470402,1.8268042834696447,1.8560764843138766,1.9458379194418178,2.013418287387727,-0.1725911613939402,0.6039578059271349,0.7805472460014965,0.8932014585285344,1.0758657413408443,1.2053444525040924,1.0055108197546048,0.9033450932225203,1.1847088495200202,0.7285079492464088,0.7031108189130959,1.0231804157414737,0.971858781504111,1.2144486160921593,1.3342135147785847,1.3557135718048108,1.2412166345771727,1.4649407860771964,1.4936562234435742,1.693733423609485,1.7580409359907572,1.3212501060834867,1.3822215169241205,1.2759483816484631,1.5149152659897371,1.501369118691301,1.7108746610290442,1.6659962463583902,1.7794512544928527,1.6510163544896035,0.5435560207706893,0.9618216456841171,0.9997193465759685,1.2322533593546234,1.1951420068417096,1.2729263111027687,1.1824331926976273,1.3369802025024584,1.454480551164636,1.7229556505960602,1.7968754875863304,1.7733836108060022,1.4583986330142165,1.5349109077901144,1.802851215469576,1.9078519094233606,1.843632313112967,1.8887722138832488,2.028286911109462,2.0910503914754854,2.1348402181499804,2.014711041578329,1.9993156001721404,1.9789877554446602,2.0633355807283467,2.1028261355826943,2.1781992545682285,2.2372111373059083,2.1944659509507782,2.2147677026980337,2.265331062364099,2.184469257378823,2.1528841271988566,2.2822216099284605,1.9551965657380328,1.914930206614515,1.7671123954164463,1.8558972639220244,1.8801182802857015,2.179884928275323,2.309829865875118,2.389681854268875,2.392826126239723,2.4983061438209395,2.463040279204303];

