% cornA.m

ratios = [0.04333664848820552,0.050876328534342596,0.055736741845233986,0.060040942032407355,0.07042919859729133,0.07424530709112463,0.08083701663317217,0.08493338468439413,0.08774438514872727,0.09780762047528105,0.1391531560757718,0.13940864740847567,0.1580970770793026,0.18896316657377876,0.21272179118027934,0.21334334022526485,0.22182747986410525,0.23085830472205565,0.24332730032966507,0.248817792434722,0.2567976089212085,0.2572580827427223,0.2575434672082788,0.2579873803428813,0.2620221611382914,0.2640311405104506,0.267488962653037,0.26986920393631986,0.26997939921800845,0.2752031617652361,0.27634182656767214,0.27652618858067995,0.2775365670197859,0.28206620979935676,0.28316945515719555,0.29023966269125306,0.29243657998100797,0.2955208539966613,0.2972628293026221,0.2986973125739997,0.30061153869835566,0.30115569177915413,0.3042955305204685,0.3044388598935057,0.30605509374814355,0.30843220324924653,0.3201688268177601,0.32085820520562897,0.3208810129914814,0.3234918576927657,0.3240103127818938,0.3291014796269199,0.3292458763444961,0.32968046313399624,0.33000035696530255,0.3315591729027307,0.3327042557708943,0.334482691735922,0.33467520417076063,0.33529322220221014,0.3369939872923479,0.33714741747218896,0.3373162047984411,0.3399454850825278,0.34085846503091816,0.34201918064019143,0.3421359472781019,0.343552178707626,0.3435545861597251,0.34734792740510845,0.3476173518238262,0.3481353369214471,0.3484090267838144,0.3487400648474146,0.3499423765889694,0.35002414315982144,0.3503769666257983,0.35044542363284936,0.35212130931966834,0.35570523310973773,0.3565220150582249,0.36085595114016256,0.3618002801869332,0.3624391748844498,0.36264236393479615,0.36287946480193206,0.36349920712669176,0.3643019062195388,0.3659677642045488,0.3675826150303816,0.36828935837782373,0.36878775705015215,0.371000983212116,0.3711242405692531,0.3716191894669797,0.3725156733996601,0.3725629464974801,0.372605973511271,0.3745138671694081,0.37459999470278366,0.3749154846165561,0.37495269228565614,0.37574447259412364,0.37643908752667177,0.3781257308217879,0.3788533888157709,0.37946586438040736,0.38116580310309994,0.3813423723735233,0.3815371377272539,0.3822143511934932,0.38232020852621906,0.38395962195574174,0.3841968879477544,0.38441704969527785,0.3844629011540462,0.3848553719174382,0.3849363904861002,0.38523412965282455,0.3864388819260088,0.38661595491816453,0.38666471655832085,0.38705123343178693,0.38714206405974555,0.38738435361081214,0.3883973468847517,0.38868419124126813,0.388906954074566,0.38927155210101105,0.3896417829496626,0.3897645393981268,0.3897786654810254,0.3899710917338567,0.3903713888488743,0.39063338507507134,0.3906706946792707,0.39082081212885855,0.3912532454011163,0.39169340926709206,0.3918820615238748,0.3919441245759236,0.39199624254633597,0.3928927516037299,0.3930454503357604,0.39321478752955036,0.3935869261805087,0.3937923595074614,0.39401571574952693,0.39432328138995504,0.39462287096711773,0.39476099470033627,0.39479119949205277,0.39508266070837667,0.3953137702810505,0.3953768190372247,0.39587762216209027,0.39611759009408304,0.39623244911361905,0.39631418519976636,0.39716985277838646,0.39749440687516796,0.3975264896493325,0.39823108892832376,0.39824971025538547,0.3983099693486215,0.39834135638827045,0.3983571852188305,0.39864744087170795,0.3992645002812367,0.40014461451422845,0.40159540812178884,0.4019755246774969,0.40199739011586566,0.40219048558987147,0.4022625373328608,0.402581926164432,0.4027064157729062,0.4032962774377226,0.40354233993873045,0.40374088200169306,0.4038673646995942,0.40415043386884103,0.4041852199310114,0.40501789879731015,0.40529390325229264,0.40530913497235616,0.4054087660357291,0.40543166255579594,0.40546146204759126,0.40565682922659396,0.40626928041192656,0.40627326478723746,0.4064945860193861,0.4069385130050952,0.4070670543471545,0.40719252219198204,0.4075941154165932,0.4076530379292839,0.40785397314164895,0.4079280818457195,0.40820682279642073,0.40867664081729627,0.40880338414170525,0.40898981437510395,0.40901061317860965,0.40932494194068497,0.40947316422073426,0.4096092322498428,0.40982506271636165,0.4099491833912993,0.4099800998176446,0.4102607022274151,0.4103540944909734,0.4106491301356621,0.41084587967831915,0.41099854639375294,0.4113183658337987,0.41134633637232976,0.41156977057568367,0.4115916541312,0.41172451396875404,0.4118699329210883,0.4119164528157557,0.41193261565241307,0.41214249466155417,0.41235646928568465,0.41253719538848543,0.41258246858227426,0.41282373543293704,0.41303949878094054,0.41308336806844,0.41309568273587843,0.41316623861825374,0.4133330131524048,0.4133711403496706,0.41339456686425874,0.4135060784497217,0.41362906799934407,0.41421664141952913,0.41423786313214944,0.41481343564887824,0.41502233350319995,0.4151493317506129,0.41520673441210715,0.4153399734093103,0.41545480653953304,0.41549109476905577,0.4155155384942835,0.41557627575632167,0.41594100491662606,0.41594970472471293,0.41599076719151146,0.416041865847778,0.4160511341848996,0.4161751669992945,0.4162104076038425,0.41624108859193637,0.4164568471280481,0.416551209259988,0.416565790091729,0.41674146002117474,0.4167675221075639,0.41696551060575704,0.4171065330061145,0.4171429273598126,0.41736953282793876,0.41740885917195475,0.41761351897665644,0.41769307643676185,0.4179235894120598,0.4179265807437708,0.41796798618352793,0.4179681683549153,0.4182448675847349,0.41840186697271453,0.4187435075106387,0.41899800527278086,0.4190059784657707,0.4190620522803595,0.4190718695928746,0.4191487792657125,0.41983262520039794,0.41990052274255835,0.4199683974044468,0.41997447220169626,0.4200647132678985,0.4201097212772837,0.4203301153581468,0.42071841836118445,0.42073528560978757,0.421196519904537,0.421608236272953,0.42166283439890345,0.4218448672054013,0.42190935975533633,0.42203957057698893,0.4220715086616048,0.4222452271847618,0.4222755910787972,0.42227870248255905,0.42312185769102295,0.42350633054675485,0.423533053936743,0.42396405149052946,0.423971416011561,0.42397614460940264,0.4241160979322214,0.4241703853351827,0.4246607368490644,0.4247138781804091,0.424773438217143,0.4250233538596736,0.42506643283851614,0.4250975371718304,0.4251125550963966,0.42523251992523414,0.42533358208973454,0.4253463837423385,0.4254829608239412,0.4254987960830303,0.4255573215581106,0.4256124898029301,0.425750554326177,0.4258440236715614,0.42601700543368165,0.42611422016779,0.42623123619997905,0.4262905134068393,0.4264537688612202,0.42658620976519684,0.42689542324079766,0.42691885477589603,0.4269925765071409,0.4269925780888,0.42715346205399946,0.42725071217617716,0.4274101455732388,0.42755786772431065,0.42766724583334614,0.4277278459950731,0.4278553693469003,0.42794519228405586,0.42801787807764796,0.4281788083675861,0.42847074983488614,0.4286300925070024,0.42904757613577277,0.42916448656201833,0.4292419896338194,0.42933471732374257,0.429366562942469,0.42945325007781193,0.4297201651511349,0.4297834249729982,0.42989049998980383,0.43018320907051866,0.4303509833991036,0.43037048596219357,0.43041471150335864,0.43043919679416837,0.4308055703993279,0.4309035694158184,0.4310663100584139,0.4310881446595093,0.43151796442224205,0.43152593915226395,0.4316365846992914,0.4317330312279561,0.4319459894119724,0.4321692289240506,0.43231769584396124,0.4323766644676598,0.43259072666258264,0.4327521002332685,0.4329372401068806,0.4329675591079172,0.43298463174377333,0.4330354377649029,0.4331331038309271,0.4333201914590013,0.4335167682924654,0.43376213111781237,0.43413342582378045,0.4341583263149265,0.4341721747816382,0.43432543609701496,0.4344277021785141,0.43447840487663375,0.4352335820651417,0.4356697214310024,0.43584299733031817,0.4360402549760762,0.43607582447584603,0.4364180624064834,0.436752741489016,0.43687792640091605,0.4371462528747579,0.43718170650056587,0.437643974879058,0.4376868404776956,0.4378295352917169,0.43783914902246174,0.43784130442870245,0.43785356652378843,0.4381088098649738,0.43812589650410394,0.438143598440207,0.438191227238634,0.43828092644848343,0.43871655108683794,