% sm.m

x0 = [0,0,0,0,0,0,0,0,0,0,0,2,2,2,4,4,4,6,8,8,8,10,10,10,12,12,12,12,14,14,14,14,14,14,14,16,16,16,16,16,18,18,18,18,18,18,18,18,20,20,20,20,20,20,22,22,22,24,24,24,24,26,26,26,26,26,26,26,28,28,28,30,30,30,30,30,30,30,30,30,30,30,30,32,32,32,32,32,32,32,34,34,34,34,34,36,36,36,36,36,36,36,36,36,36,36,36,36,38,38,38,38,38,38,38,38,38,38,38,38,40,40,40,40,40,40,40,40,40,40,40,40,40,40,42,42,42,42,42,42,42,42,42,42,44,44,44,44,44,44,44,44,44,44,44,44,44,44,44,44,44,44,46,46,46,46,46,46,46,46,46,46,46,48,48,48,48,48,48,48,48,48,48,48,48,48,48,50,50,50,50,50,50,50,50,50,50,50,50,50,50,50,52,52,52,52,52,52,52,52,52,52,52,52,52,52,52,54,54,54,54,54,54,54,54,54,54,54,54,56,56,56,56,56,56,56,56,56,56,56,56,58,58,58,58,58,58,58,58,58,58,58,58,60,60,60,60,60,60,60,60,60,62,62,62,62,62,62,62,62,62,64,64,64,64,64,64,64,64,64,66,66,66,66,66,66,66,66,66,68,68,68,68,68,68,68,68,68,68,68,70,70,70,72,72,72,72,72,72,72,74,74,74,74,74,76,76,76,76,78,78,78,78,78,78,80,80,80,80,80,80,82,84,84,84,86,86,86,88,88,88,92,92,92,94,96,96,100,102,102,106,118,120,120,120,120,128];
x1 = [0,0,0,0,0,0,0,0,4,6,10,12,12,12,12,12,14,14,16,16,16,18,18,18,18,20,20,24,24,24,24,26,26,26,26,26,28,28,28,28,28,28,30,30,30,30,30,30,30,30,30,30,30,30,30,32,32,32,32,32,32,32,32,32,32,32,32,34,34,34,34,34,34,34,34,34,34,34,34,34,34,34,34,34,34,34,34,36,36,36,36,36,36,36,36,36,36,36,36,36,38,38,38,38,38,38,38,38,40,40,40,40,40,40,40,40,40,40,40,40,40,40,40,40,40,42,42,42,42,42,42,42,42,42,42,42,44,44,44,44,44,44,44,44,44,44,44,44,46,46,46,46,46,46,46,46,46,46,46,46,46,46,46,46,46,46,46,46,46,46,46,48,48,48,48,48,48,48,48,48,48,48,48,48,48,48,50,50,50,50,50,50,50,50,50,50,50,50,50,50,50,50,52,52,52,52,52,52,52,54,54,54,54,54,54,54,54,54,54,56,56,56,56,56,56,56,56,56,56,58,58,58,58,60,60,60,62,62,62,62,62,62,62,64,64,64,64,64,64,64,64,64,64,66,66,66,66,66,66,66,68,68,68,68,68,68,68,68,68,68,70,70,70,70,70,70,70,70,70,70,70,70,70,70,70,70,70,72,72,72,72,72,72,72,74,74,74,74,74,76,76,76,76,76,76,78,78,78,78,78,78,78,80,80,80,80,80,80,82,82,82,84,84,84,84,84,86,86,86,86,88,88,88,90,90,90,90,94,94,94,94,96,96,98,98,100,100,102,104,108,108,112,122,124,126,126];
x2 = [0,0,0,0,0,0,0,0,0,0,0,2,2,2,2,2,4,6,8,8,8,8,10,10,10,10,12,12,14,18,18,18,18,18,18,18,20,20,20,20,20,22,22,22,22,22,22,22,22,22,22,24,24,24,24,24,24,26,26,26,26,26,26,28,28,28,28,28,28,28,28,28,28,28,28,28,28,28,28,28,28,28,30,30,30,30,30,30,30,30,30,30,30,30,30,30,30,30,32,32,32,32,32,32,32,32,32,32,34,34,34,34,34,34,34,34,34,34,34,34,34,34,36,36,36,36,36,36,36,36,36,36,36,36,36,36,38,38,38,38,38,38,38,38,38,40,40,40,40,40,40,40,40,40,40,40,42,42,42,42,42,42,42,42,42,42,42,42,42,42,42,42,42,44,44,44,44,44,44,44,44,44,44,44,44,44,44,46,46,46,46,46,46,46,46,46,46,46,46,46,46,46,46,46,46,48,48,48,48,48,48,48,48,48,48,48,48,48,48,48,50,50,50,50,50,50,50,50,50,50,50,50,50,50,50,50,50,50,50,52,52,52,52,52,52,52,52,52,52,52,52,52,52,52,52,52,52,54,54,54,54,54,54,54,54,54,54,54,56,56,56,56,56,56,56,56,56,56,56,58,58,58,58,58,58,58,60,60,60,60,60,62,62,62,62,62,62,62,62,64,64,64,64,64,66,66,66,66,68,68,68,68,68,68,68,68,70,70,70,70,70,72,72,74,74,74,74,74,76,76,76,76,76,76,76,76,76,76,80,80,84,84,88,90,90,94,94,98,100,100,102,110,120,122,124,124];
x3 = [0,0,0,0,0,0,0,0,0,0,0,2,2,2,2,4,6,6,10,10,10,10,10,10,12,12,12,12,12,14,14,14,14,16,16,16,16,16,16,18,18,18,18,18,18,18,18,18,20,20,20,20,20,22,22,22,22,22,22,24,24,24,26,26,26,26,26,26,26,26,28,28,28,28,28,30,30,30,30,30,32,32,32,32,32,32,32,34,34,34,34,34,34,34,34,34,34,34,34,36,36,36,36,36,36,36,36,36,36,36,36,36,36,38,38,38,38,38,38,38,38,38,38,38,38,38,38,38,38,38,40,40,40,40,40,40,40,40,40,40,40,42,42,42,42,42,42,42,42,44,44,44,44,44,44,44,44,44,44,44,46,46,46,46,46,46,46,46,46,46,46,46,46,46,46,46,46,46,46,48,48,48,48,48,48,48,48,48,48,48,48,48,50,50,50,50,50,50,50,50,50,52,52,52,52,52,52,52,52,52,52,52,52,52,52,52,52,52,54,54,54,54,54,54,54,54,54,54,56,56,56,56,56,56,56,56,56,56,56,56,56,56,58,58,58,58,58,58,58,60,60,60,60,60,60,60,60,60,60,60,60,60,60,60,60,62,62,64,64,64,64,64,64,64,66,66,66,66,66,66,66,66,66,66,68,68,68,68,68,68,68,68,68,68,68,70,70,70,70,70,70,72,72,72,72,72,72,74,74,74,74,74,74,74,74,76,76,76,78,78,78,78,80,80,82,82,82,82,82,82,82,84,84,86,86,88,90,90,90,92,92,94,94,96,98,100,102,104,108,112,112,112,116,118,122,124];
x4 = [0,0,0,0,0,0,0,0,0,0,0,0,2,2,4,4,6,8,10,10,10,10,12,12,12,14,14,14,16,18,20,20,20,22,22,22,22,22,22,24,24,24,26,26,26,28,28,28,28,28,28,28,28,28,28,30,30,30,30,30,30,30,30,30,30,30,30,30,32,32,32,32,32,32,32,34,34,34,34,34,34,34,34,34,34,34,34,34,34,34,34,36,36,36,36,36,36,36,36,38,38,38,38,38,38,38,40,40,40,40,40,40,40,40,40,40,40,40,40,40,40,42,42,42,42,42,42,42,42,42,42,42,44,44,44,44,44,44,44,44,46,46,46,46,46,46,46,46,46,46,48,48,48,48,48,48,48,48,48,48,50,50,50,50,50,50,50,50,50,50,52,52,52,52,52,52,52,52,52,52,52,52,54,54,54,54,54,54,54,54,56,56,56,56,56,56,56,56,56,56,56,56,56,56,56,56,58,58,58,58,58,58,58,58,58,58,58,58,58,60,60,60,60,60,60,60,60,60,62,62,62,62,62,62,62,62,62,62,62,62,62,64,64,64,64,64,64,64,64,64,64,64,64,66,66,66,66,66,66,66,66,66,66,66,68,68,68,68,68,68,68,68,70,70,70,70,70,70,70,70,70,70,70,70,72,72,72,72,72,72,74,74,74,74,74,74,74,74,74,74,74,74,74,76,76,76,76,78,78,78,80,80,80,82,82,82,82,84,84,84,84,84,84,84,86,86,86,86,88,88,88,90,90,90,90,92,92,92,94,94,94,94,94,96,96,96,98,102,106,110,112,122,122,124,124,124];


% corners & flat
