% smooth.m

hold off;


y = [3.605e-2,4.983e-2,5.432e-2,5.590e-2,5.684e-2,5.784e-2,5.947e-2,6.139e-2,6.284e-2,6.413e-2,6.587e-2,6.785e-2,6.909e-2,6.975e-2,7.071e-2,7.234e-2,7.396e-2,7.501e-2,7.580e-2,7.670e-2,7.771e-2,7.863e-2,7.944e-2,7.998e-2,8.018e-2,8.024e-2,8.030e-2,8.045e-2,8.079e-2,8.137e-2,8.231e-2,8.354e-2,8.451e-2,8.535e-2,8.629e-2,8.725e-2,8.830e-2,8.907e-2,8.952e-2,9.004e-2,9.090e-2,9.223e-2,9.358e-2,9.438e-2,9.507e-2,9.597e-2,9.663e-2,9.704e-2,9.754e-2,9.833e-2,9.950e-2,1.009e-1,1.021e-1,1.030e-1,1.036e-1,1.041e-1,1.048e-1,1.057e-1,1.065e-1,1.069e-1,1.072e-1,1.076e-1,1.080e-1,1.087e-1,1.097e-1,1.106e-1,1.115e-1,1.127e-1,1.137e-1,1.144e-1,1.150e-1,1.157e-1,1.163e-1,1.170e-1,1.174e-1,1.177e-1,1.181e-1,1.189e-1,1.204e-1,1.222e-1,1.240e-1,1.257e-1,1.267e-1,1.272e-1,1.273e-1,1.274e-1,1.274e-1,1.276e-1,1.280e-1,1.285e-1,1.291e-1,1.298e-1,1.304e-1,1.309e-1,1.320e-1,1.338e-1,1.354e-1,1.362e-1,1.367e-1,1.374e-1,1.383e-1,1.390e-1,1.396e-1,1.402e-1,1.408e-1,1.417e-1,1.428e-1,1.434e-1,1.442e-1,1.454e-1,1.465e-1,1.471e-1,1.474e-1,1.476e-1,1.477e-1,1.479e-1,1.481e-1,1.484e-1,1.489e-1,1.492e-1,1.495e-1,1.498e-1,1.501e-1,1.504e-1,1.505e-1,1.506e-1,1.507e-1,1.510e-1,1.513e-1,1.516e-1,1.518e-1,1.521e-1,1.524e-1,1.525e-1,1.527e-1,1.529e-1,1.532e-1,1.533e-1,1.534e-1,1.534e-1,1.536e-1,1.538e-1,1.541e-1,1.544e-1,1.545e-1,1.547e-1,1.550e-1,1.553e-1,1.556e-1,1.557e-1,1.558e-1,1.560e-1,1.563e-1,1.565e-1,1.567e-1,1.568e-1,1.569e-1,1.570e-1,1.572e-1,1.575e-1,1.578e-1,1.579e-1,1.580e-1,1.581e-1,1.581e-1,1.582e-1,1.582e-1,1.582e-1,1.584e-1,1.586e-1,1.588e-1,1.590e-1,1.592e-1,1.593e-1,1.594e-1,1.595e-1,1.596e-1,1.597e-1,1.599e-1,1.602e-1,1.604e-1,1.606e-1,1.609e-1,1.613e-1,1.615e-1,1.616e-1,1.617e-1,1.619e-1,1.620e-1,1.622e-1,1.623e-1,1.624e-1,1.625e-1,1.627e-1,1.629e-1,1.630e-1,1.633e-1,1.635e-1,1.637e-1,1.638e-1,1.639e-1,1.640e-1,1.642e-1,1.645e-1,1.648e-1,1.650e-1,1.652e-1,1.654e-1,1.655e-1,1.656e-1,1.657e-1,1.658e-1,1.658e-1,1.659e-1,1.661e-1,1.663e-1,1.665e-1,1.668e-1,1.669e-1,1.670e-1,1.671e-1,1.672e-1,1.673e-1,1.674e-1,1.675e-1,1.676e-1,1.678e-1,1.681e-1,1.683e-1,1.685e-1,1.685e-1,1.686e-1,1.686e-1,1.687e-1,1.688e-1,1.689e-1,1.691e-1,1.693e-1,1.695e-1,1.695e-1,1.696e-1,1.697e-1,1.699e-1,1.701e-1,1.703e-1,1.703e-1,1.704e-1,1.705e-1,1.706e-1,1.707e-1,1.709e-1,1.711e-1,1.713e-1,1.714e-1,1.715e-1,1.715e-1,1.716e-1,1.717e-1,1.717e-1,1.719e-1,1.720e-1,1.721e-1,1.723e-1,1.724e-1,1.724e-1,1.725e-1,1.726e-1,1.727e-1,1.728e-1,1.730e-1,1.732e-1,1.733e-1,1.734e-1,1.735e-1,1.736e-1,1.738e-1,1.740e-1,1.741e-1,1.742e-1,1.742e-1,1.743e-1,1.744e-1,1.746e-1,1.748e-1,1.750e-1,1.750e-1,1.751e-1,1.752e-1,1.753e-1,1.755e-1,1.756e-1,1.758e-1,1.760e-1,1.762e-1,1.763e-1,1.764e-1,1.766e-1,1.767e-1,1.767e-1,1.768e-1,1.769e-1,1.770e-1,1.770e-1,1.771e-1,1.773e-1,1.775e-1,1.777e-1,1.779e-1,1.780e-1,1.781e-1,1.781e-1,1.782e-1,1.783e-1,1.784e-1,1.785e-1,1.785e-1,1.786e-1,1.787e-1,1.788e-1,1.789e-1,1.790e-1,1.791e-1,1.791e-1,1.793e-1,1.794e-1,1.795e-1,1.796e-1,1.797e-1,1.797e-1,1.798e-1,1.799e-1,1.800e-1,1.801e-1,1.803e-1,1.804e-1,1.804e-1,1.805e-1,1.807e-1,1.808e-1,1.809e-1,1.810e-1,1.810e-1,1.810e-1,1.811e-1,1.812e-1,1.812e-1,1.813e-1,1.814e-1,1.814e-1,1.815e-1,1.816e-1,1.817e-1,1.817e-1,1.818e-1,1.819e-1,1.819e-1,1.820e-1,1.821e-1,1.823e-1,1.825e-1,1.826e-1,1.827e-1,1.829e-1,1.831e-1,1.832e-1,1.833e-1,1.834e-1,1.835e-1,1.836e-1,1.837e-1,1.838e-1,1.840e-1,1.841e-1,1.843e-1,1.844e-1,1.844e-1,1.845e-1,1.845e-1,1.846e-1,1.847e-1,1.849e-1,1.849e-1,1.850e-1,1.851e-1,1.852e-1,1.852e-1,1.853e-1,1.855e-1,1.856e-1,1.857e-1,1.857e-1,1.859e-1,1.861e-1,1.862e-1,1.863e-1,1.864e-1,1.864e-1,1.865e-1,1.866e-1,1.868e-1,1.869e-1,1.870e-1,1.871e-1,1.872e-1,1.873e-1,1.873e-1,1.874e-1,1.875e-1,1.875e-1,1.876e-1,1.876e-1,1.877e-1,1.879e-1,1.880e-1,1.881e-1,1.883e-1,1.884e-1,1.886e-1,1.887e-1,1.888e-1,1.888e-1,1.889e-1,1.889e-1,1.890e-1,1.891e-1,1.892e-1,1.893e-1,1.894e-1,1.895e-1,1.897e-1,1.898e-1,1.899e-1,1.900e-1,1.901e-1,1.902e-1,1.902e-1,1.903e-1,1.903e-1,1.904e-1,1.905e-1,1.906e-1,1.907e-1,1.909e-1,1.910e-1,1.912e-1,1.913e-1,1.914e-1,1.915e-1,1.915e-1,1.916e-1,1.917e-1,1.918e-1,1.919e-1,1.920e-1,1.920e-1,1.920e-1,1.921e-1,1.923e-1,1.924e-1,1.925e-1,1.926e-1,1.926e-1,1.927e-1,1.927e-1,1.927e-1,1.928e-1,1.929e-1,1.931e-1,1.932e-1,1.934e-1,1.935e-1,1.935e-1,1.936e-1,1.937e-1,1.938e-1,1.939e-1,1.940e-1,1.941e-1,1.942e-1,1.942e-1,1.943e-1,1.944e-1,1.944e-1,1.944e-1,1.945e-1,1.945e-1,1.946e-1,1.947e-1,1.948e-1,1.950e-1,1.950e-1,1.951e-1,1.952e-1,1.952e-1,1.952e-1,1.953e-1,1.954e-1,1.954e-1,1.955e-1,1.956e-1,1.957e-1,1.959e-1,1.960e-1,1.961e-1,1.962e-1,1.963e-1,1.964e-1,1.965e-1,1.966e-1,1.967e-1,1.968e-1,1.969e-1,1.969e-1,1.970e-1,1.971e-1,1.971e-1,1.972e-1,1.973e-1,1.974e-1,1.975e-1,1.977e-1,1.977e-1,1.978e-1,1.979e-1,1.980e-1,1.982e-1,1.983e-1,1.984e-1,1.985e-1,1.986e-1,1.987e-1,1.988e-1,1.988e-1,1.988e-1,1.989e-1,1.989e-1,1.989e-1,1.989e-1,1.989e-1,1.990e-1,1.991e-1,1.992e-1,1.993e-1,1.993e-1,1.994e-1,1.995e-1,1.995e-1,1.996e-1,1.997e-1,1.998e-1,1.999e-1,2.000e-1,2.001e-1,2.002e-1,2.003e-1,2.003e-1,2.003e-1,2.004e-1,2.004e-1,2.005e-1,2.006e-1,2.006e-1,2.006e-1,2.007e-1,2.007e-1,2.008e-1,2.010e-1,2.011e-1,2.012e-1,2.012e-1,2.013e-1,2.013e-1,2.014e-1,2.014e-1,2.015e-1,2.015e-1,2.015e-1,2.016e-1,2.017e-1,2.019e-1,2.020e-1,2.020e-1,2.021e-1,2.021e-1,2.021e-1,2.022e-1,2.022e-1,2.024e-1,2.025e-1,2.026e-1,2.026e-1,2.026e-1,2.027e-1,2.028e-1,2.028e-1,2.028e-1,2.029e-1,2.029e-1,2.030e-1,2.031e-1,2.032e-1,2.033e-1,2.034e-1,2.035e-1,2.035e-1,2.036e-1,2.037e-1,2.037e-1,2.037e-1,2.038e-1,2.038e-1,2.038e-1,2.038e-1,2.039e-1,2.039e-1,2.039e-1,2.039e-1,2.039e-1,2.040e-1,2.040e-1,2.042e-1,2.044e-1,2.046e-1,2.047e-1,2.047e-1,2.048e-1,2.048e-1,2.050e-1,2.051e-1,2.052e-1,2.053e-1,2.053e-1,2.053e-1,2.054e-1,2.055e-1,2.055e-1,2.056e-1,2.057e-1,2.057e-1,2.057e-1,2.058e-1,2.058e-1,2.059e-1,2.060e-1,2.060e-1,2.060e-1,2.061e-1,2.061e-1,2.061e-1,2.061e-1,2.061e-1,2.062e-1,2.062e-1,2.063e-1,2.064e-1,2.064e-1,2.065e-1,2.066e-1,2.067e-1,2.068e-1,2.068e-1,2.068e-1,2.068e-1,2.069e-1,2.069e-1,2.069e-1,2.070e-1,2.071e-1,2.071e-1,2.072e-1,2.073e-1,2.075e-1,2.076e-1,2.077e-1,2.077e-1,2.078e-1,2.078e-1,2.078e-1,2.079e-1,2.080e-1,2.080e-1,2.081e-1,2.081e-1,2.082e-1,2.083e-1,2.084e-1,2.084e-1,2.085e-1,2.086e-1,2.087e-1,2.089e-1,2.089e-1,2.090e-1,2.090e-1,2.090e-1,2.090e-1,2.091e-1,2.091e-1,2.091e-1,2.092e-1,2.092e-1,2.092e-1,2.093e-1,2.094e-1,2.094e-1,2.095e-1,2.095e-1,2.096e-1,2.096e-1,2.097e-1,2.098e-1,2.098e-1,2.098e-1,2.099e-1,2.099e-1,2.099e-1,2.100e-1,2.100e-1,2.100e-1,2.100e-1,2.101e-1,2.102e-1,2.102e-1,2.102e-1,2.103e-1,2.103e-1,2.103e-1,2.104e-1,2.104e-1,2.105e-1,2.106e-1,2.107e-1,2.108e-1,2.108e-1,2.108e-1,2.109e-1,2.109e-1,2.109e-1,2.110e-1,2.111e-1,2.111e-1,2.112e-1,2.112e-1,2.112e-1,2.113e-1,2.114e-1,2.114e-1,2.115e-1,2.115e-1,2.115e-1,2.115e-1,2.115e-1,2.116e-1,2.117e-1,2.117e-1,2.118e-1,2.118e-1,2.119e-1,2.119e-1,2.119e-1,2.120e-1,2.120e-1,2.121e-1,2.122e-1,2.123e-1,2.124e-1,2.126e-1,2.127e-1,2.128e-1,2.128e-1,2.128e-1,2.129e-1,2.129e-1,2.129e-1,2.130e-1,2.130e-1,2.131e-1,2.131e-1,2.131e-1,2.131e-1,2.131e-1,2.132e-1,2.133e-1,2.134e-1,2.135e-1,2.135e-1,2.136e-1,2.137e-1,2.137e-1,2.138e-1,2.139e-1,2.140e-1,2.141e-1,2.142e-1,2.143e-1,2.144e-1,2.144e-1,2.145e-1,2.146e-1,2.146e-1,2.146e-1,2.147e-1,2.147e-1,2.148e-1,2.148e-1,2.149e-1,2.149e-1,2.150e-1,2.151e-1,2.151e-1,2.151e-1,2.152e-1,2.152e-1,2.153e-1,2.154e-1,2.155e-1,2.155e-1,2.156e-1,2.157e-1,2.157e-1,2.158e-1,2.158e-1,2.159e-1,2.159e-1,2.160e-1,2.162e-1,2.163e-1,2.164e-1,2.165e-1,2.166e-1,2.167e-1,2.168e-1,2.169e-1,2.170e-1,2.170e-1,2.171e-1,2.172e-1,2.172e-1,2.173e-1,2.175e-1,2.176e-1,2.176e-1,2.177e-1,2.177e-1,2.178e-1,2.178e-1,2.179e-1,2.179e-1,2.180e-1,2.182e-1,2.183e-1,2.184e-1,2.185e-1,2.186e-1,2.186e-1,2.187e-1,2.188e-1,2.190e-1,2.192e-1,2.193e-1,2.194e-1,2.194e-1,2.195e-1,2.195e-1,2.195e-1,2.196e-1,2.197e-1,2.197e-1,2.198e-1,2.200e-1,2.201e-1,2.202e-1,2.203e-1,2.204e-1,2.206e-1,2.207e-1,2.207e-1,2.208e-1,2.208e-1,2.209e-1,2.210e-1,2.211e-1,2.211e-1,2.211e-1,2.212e-1,