% spread.m


%  views: 3
sad3_0 = [0.10353679773334876];
ncc3_0 = [0.21106418706503868];
sad3_1 = [0.11834584353022592];
ncc3_1 = [0.15169194735719865];
sad3_2 = [0.16184238451846814];
ncc3_2 = [0.14192059586236072];
sad3_3 = [0.13765589661269445];
ncc3_3 = [0.18257373154960269];
sad3_4 = [0.11195234780606869];
ncc3_4 = [0.30411092380342786];
sad3_5 = [0.10110909165443889];
ncc3_5 = [0.1229754239156523];
sad3_6 = [0.14900377812889082];
ncc3_6 = [0.22397703034661115];
sad3_7 = [0.09908204846249075];
ncc3_7 = [0.264843355786698];
sad3_8 = [0.07996311092815556];
ncc3_8 = [0.13324959548960413];
sad3_9 = [0.09001595082809076];
ncc3_9 = [0.3696554848491971];
sad3_10 = [0.12805613040678743];
ncc3_10 = [0.317378462472747];
sad3_11 = [0.13737645844253826];
ncc3_11 = [0.25468646899917124];
sad3_12 = [0.11175785553054869];
ncc3_12 = [0.3555222503425097];
sad3_13 = [0.18650147136657985];
ncc3_13 = [0.4001720566368403];
sad3_14 = [0.038583746199911485];
ncc3_14 = [0.09039328337072836];
sad3_15 = [0.15940025608771616];
ncc3_15 = [0.12632646404998932];
sad3_16 = [0.1857749510684077];
ncc3_16 = [0.17121734190152793];
sad3_17 = [0.2510540707181809];
ncc3_17 = [0.26317343528173875];
sad3_18 = [0.1483984316079789];
ncc3_18 = [0.2140388483629273];
sad3_19 = [0.22772417031233955];
ncc3_19 = [0.32484489164107777];
sad3_20 = [0.10685995861298243];
ncc3_20 = [0.1965667054313012];
sad3_21 = [0.07761604012650697];
ncc3_21 = [0.19557497023402642];
sad3_22 = [0.11150104113718984];
ncc3_22 = [0.27342120778596474];
sad3_23 = [0.08639431345030156];
ncc3_23 = [0.2960297336872594];
sad3_24 = [0.16317108777752615];
ncc3_24 = [0.27754736066815267];
sad3_25 = [0.1256639802586926];
ncc3_25 = [0.22394988476094485];
sad3_26 = [0.15466628501704616];
ncc3_26 = [0.3080342381405795];
sad3_27 = [0.10741145212356777];
ncc3_27 = [0.1271233614925286];
sad3_28 = [0.10476784931531027];
ncc3_28 = [0.21121743598853338];
sad3_29 = [0.10855495572683961];
ncc3_29 = [0.2461330534441019];
sad3_30 = [0.05465236569841339];
ncc3_30 = [0.19093665061576598];
sad3_31 = [0.05084290139725589];
ncc3_31 = [0.1463819531916752];
sad3_32 = [0.052370934796209];
ncc3_32 = [0.04414981770642153];
sad3_33 = [0.0660692377104882];
ncc3_33 = [0.06725922316546522];
sad3_34 = [0.22489235462004006];
ncc3_34 = [0.17705947994281884];
sad3_35 = [0.08989922860246151];
ncc3_35 = [0.12134155082327026];
sad3_36 = [0.05960969474705622];
ncc3_36 = [0.15319092643299032];
sad3_37 = [0.04990555365132029];
ncc3_37 = [0.02471470748746172];
sad3_38 = [0.06974736517174944];
ncc3_38 = [0.0645687828314922];
sad3_39 = [0.08365288411239419];
ncc3_39 = [0.08074969878382929];
sad3_40 = [0.040344535008240076];
ncc3_40 = [0.018278374415645154];
sad3_41 = [0.090971580937885];
ncc3_41 = [0.10206493008695165];
sad3_42 = [0.08251120932522857];
ncc3_42 = [0.03544389940124373];
sad3_43 = [0.05703097351413811];
ncc3_43 = [0.04868820980585331];
sad3_44 = [0.04547127091864391];
ncc3_44 = [0.03173931063368697];
sad3_45 = [0.11996245171413222];
ncc3_45 = [0.13453636854016623];
sad3_46 = [0.04204650096354062];
ncc3_46 = [0.022978762064656044];
sad3_47 = [0.143434830101557];
ncc3_47 = [0.1028831176044669];
sad3_48 = [0.04354696403916504];
ncc3_48 = [0.15946244721700983];
sad3_49 = [0.053725383674686204];
ncc3_49 = [0.03651852211416582];
sad3_50 = [0.04213616586337452];
ncc3_50 = [0.015743158631956983];
sad3_51 = [0.03927251241542063];
ncc3_51 = [0.04730511395764501];
sad3_52 = [0.07693770163999032];
ncc3_52 = [0.08932614648444338];
sad3_53 = [0.089701181164023];
ncc3_53 = [0.15910684254889193];
sad3_54 = [0.06393308101714407];
ncc3_54 = [0.0912233703802934];
sad3_55 = [0.09120401739467134];
ncc3_55 = [0.05653962327587284];
sad3_56 = [0.03293504019689855];
ncc3_56 = [0.08119453575515008];
sad3_57 = [0.1944954923350314];
ncc3_57 = [0.18632495907381286];
sad3_58 = [0.10931390632986837];
ncc3_58 = [0.08904019544576433];
sad3_59 = [0.03967661106424235];
ncc3_59 = [0.1931698751213093];
sad3_60 = [0.08779862766342231];
ncc3_60 = [0.1863443112138941];
sad3_61 = [0.07094602114177141];
ncc3_61 = [0.1123074042738941];
sad3_62 = [0.05339722934957493];
ncc3_62 = [0.11662717294193953];
sad3_63 = [0.12959025467510057];
ncc3_63 = [0.2494683895129159];
sad3_64 = [0.05058020980292184];
ncc3_64 = [0.21752358507954309];
sad3_65 = [0.0935472254604573];
ncc3_65 = [0.14462016321224808];
sad3_66 = [0.05801239547783368];
ncc3_66 = [0.10843079695802182];
sad3_67 = [0.07846989909516994];
ncc3_67 = [0.21379486393268288];
sad3_68 = [0.1028683320098219];
ncc3_68 = [0.14660303461124857];
sad3_69 = [0.11726578474302893];
ncc3_69 = [0.1479101438225628];
sad3_70 = [0.11056289021222188];
ncc3_70 = [0.1383433002021946];
sad3_71 = [0.027572206952685543];
ncc3_71 = [0.12835267083190258];
sad3_72 = [0.07608175189770103];
ncc3_72 = [0.08786043557321523];
sad3_73 = [0.09465215412111777];
ncc3_73 = [0.2538454056200451];
sad3_74 = [0.07598021435520945];
ncc3_74 = [0.07005669980786455];
sad3_75 = [0.10760130364549444];
ncc3_75 = [0.13855369978409426];
sad3_76 = [0.11534137668984312];
ncc3_76 = [0.1670773068732846];
sad3_77 = [0.11142326922472291];
ncc3_77 = [0.17396445690285522];
sad3_78 = [0.14091921955181436];
ncc3_78 = [0.18772526338228618];
sad3_79 = [0.08584532081208437];
ncc3_79 = [0.15927073259900992];
sad3_80 = [0.09351707110847537];
ncc3_80 = [0.2800603679696647];
sad3_81 = [0.09150186248403924];
ncc3_81 = [0.13428713168669726];
sad3_82 = [0.08622175120238679];
ncc3_82 = [0.08808959460649972];
sad3_83 = [0.09597623685466194];
ncc3_83 = [0.2845201469666299];
sad3_84 = [0.14963399245453518];
ncc3_84 = [0.22778405492626277];
sad3_85 = [0.0671042357882089];
ncc3_85 = [0.21681551905477464];
sad3_86 = [0.13603330320007895];
ncc3_86 = [0.2088162030092379];
sad3_87 = [0.0576526491904696];
ncc3_87 = [0.1954264770141385];
sad3_88 = [0.13620498943577466];
ncc3_88 = [0.24145588955688962];
sad3_89 = [0.06146128722448214];
ncc3_89 = [0.1741131894337653];
sad3_90 = [0.12623404813738712];
ncc3_90 = [0.19287658724279133];
sad3_91 = [0.08331423140397234];
ncc3_91 = [0.26144898622829277];
sad3_92 = [0.10743429046854719];
ncc3_92 = [0.16098215186498804];
sad3_93 = [0.10450670466674629];
ncc3_93 = [0.14342187142406337];
sad3_94 = [0.06667745317049184];
ncc3_94 = [0.13869592351805965];
sad3_95 = [0.069249127779895];
ncc3_95 = [0.09956233807783427];
sad3_96 = [0.0993670203698743];
ncc3_96 = [0.34897390713513254];
sad3_97 = [0.0566732649071858];
ncc3_97 = [0.2270848097039763];
sad3_98 = [0.08172703987471616];
ncc3_98 = [0.2013807107786529];
sad3_99 = [0.057037590276139666];
ncc3_99 = [0.1623486194625664];
sad3_100 = [0.07582010091780972];
ncc3_100 = [0.11786936679046636];
sad3_101 = [0.15810810424826302];
ncc3_101 = [0.19099029820963423];
sad3_102 = [0.061109323996573636];
ncc3_102 = [0.21666465693091627];
sad3_103 = [0.08810490775817263];
ncc3_103 = [0.26162630082602123];
sad3_104 = [0.043118799472075156];
ncc3_104 = [0.23843675676139853];
sad3_105 = [0.062226068880716356];
ncc3_105 = [0.198164176311501];
sad3_106 = [0.08699471200385919];
ncc3_106 = [0.1693415709905683];
sad3_107 = [0.11973351361643092];
ncc3_107 = [0.17203899463854636];
sad3_108 = [0.08228787340473644];
ncc3_108 = [0.3151236332365512];
sad3_109 = [0.05492981484109795];
ncc3_109 = [0.21319243075569833];
sad3_110 = [0.056363601456939416];
ncc3_110 = [0.14857486949354112];
sad3_111 = [0.12928424447776093];
ncc3_111 = [0.2509024753421616];
sad3_112 = [0.14442295319267764];
ncc3_112 = [0.29341471629003835];
sad3_113 = [0.09311062720127468];
ncc3_113 = [0.1578591603349009];
sad3_114 = [0.08227685051455018];
ncc3_114 = [0.13240381693496284];
sad3_115 = [0.07903064000056637];
ncc3_115 = [0.21087318569104724];
sad3_116 = [0.08521828045266086];
ncc3_116 = [0.2040038702105135];
sad3_117 = [0.09660566679889396];
ncc3_117 = [0.3317797349205893];
sad3_118 = [0.07559153688391684];
ncc3_118 = [0.16867546218614987];
sad3_119 = [0.14287595933923516];
ncc3_119 = [0.37042866550997544];
sad3_120 = [0.11678232414819084];
ncc3_120 = [0.3204174102878621];
