% stereo.m


F = [0.02831389869499411,0.032609840003387805,0.04368126999404102,0.09988554639370992,0.1154191189374324,0.16079930587425004,0.18735723515004324,0.2231139533172692,0.23210480370341188,0.2692234738758786,0.3154319047999313,0.3285452588125155,0.35374319201590276,0.3621286449587246,0.3749346534337908,0.3845889809973538,0.38506660764319095,0.4088973472568551,0.4107682035506767,0.4270120937666527,0.47193379918827394,0.47556675897510026,0.5192160109227227,0.5301115114197347,0.5400861832946551,0.5462810871901291,0.5489961290995619,0.5645622388582862,0.5746027664870565,0.5802127122151294,0.5826378889394296,0.6199563163895006,0.6294520770565436,0.6409629681868563,0.6535820683482932,0.661284978908619,0.6644961686886577,0.7078311209122939,0.7170616465912842,0.7414533405974915,0.8082534185275632,0.8187692279313585,0.8288618667684747,0.8342199950629127,0.8442221449173662,0.8517287473152803,0.8835398687424586,0.9566411025756261,0.9641124065521781,0.9726493000479606,0.9746932961395428,0.979691991759541,0.9826691804383385,1.0052453795901264,1.0194502968732093,1.0414207080631004,1.0496897272371122,1.0502408684224582,1.0610864252097452,1.0690689112128042,1.0796704613555848,1.0878078339325106,1.090305472573524,1.1258224446390679,1.151925897693405,1.1659969885763173,1.1668816331776692,1.2219612915417657,1.2344344409679988,1.239545515172594,1.2519056786926694,1.2995706744175217,1.3065905586916264,1.3135996583486025,1.3141907236875006,1.323479773480455,1.3318719712670555,1.3354616952206866,1.348342175952006,1.3572003985607966,1.3748993224601322,1.399308035527267,1.4044608597726078,1.4182066940421332,1.4320854026647347,1.4513559845047113,1.4555423721895533,1.4591998681945033,1.4714227365490307,1.506059146964458,1.5078443553925012,1.5158147938096815,1.519332683345997,1.5316220354783225,1.5319091299202314,1.5348495809734493,1.5451190651374584,1.5482814595746859,1.5574356309414417,1.5689539249881315,1.6042325337175791,1.6182162668047022,1.6183408720310843,1.6376560760230885,1.6418300796415946,1.6440844089437583,1.6468279829485035,1.6593459361198848,1.6602676693658145,1.6649808065766292,1.6669935739575137,1.6783301371555595,1.7070215699355566,1.724394138876696,1.750433060478411,1.7640148965980436,1.7697260880001444,1.7740059894156046,1.774589885541623,1.7876091399937202,1.791741793091928,1.79422751540371,1.8020028810160016,1.8164642811360279,1.8278798091878659,1.8375755441025503,1.8456468076146164,1.9155838387027666,1.9326098481134504,1.9383990504244164,1.9426583281585748,1.943088843169252,1.9514505504965667,1.9526508501516862,1.9654263371392424,1.9832109917670466,1.9917602008462405,2.023821403473608,2.0439895243844908,2.0509822723642013,2.0571594273928717,2.1091833953282575,2.122599921713673,2.140214493425146,2.1473895517756647,2.15706798502276,2.1859724621670766,2.192436123486549,2.200877115795314,2.2180048131692605,2.2228106832316494,2.259219543851275,2.2767789032823473,2.294576410451938,2.3106714050792982,2.3782036633872297,2.410792265186343,2.4130145961281824,2.4132053092581383,2.462357413066448,2.4628333845523596,2.4670748145850956,2.4759448662960324,2.4864374592746397,2.4932603238703015,2.5077860861753143,2.542612523257488,2.5540779138918714,2.5774354802296773,2.5817586770110963,2.6222636407344697,2.6231820042016474,2.6416220057613,2.6566613907458976,2.6661338331656186,2.677816609874737,2.679627276827123,2.6836980983813468,2.6906930547868897,2.7516810798051368,2.752623109186902,2.757545283665676,2.8025846587652885,2.8098347225206903,2.813045376228383,2.815350286607836,2.858565392005384,2.8828285598552017,2.964565995350708,2.9646095687457117,2.972497716305987,2.9943474258794494,3.0188717392788496,3.0305206313258215,3.0427605850798787,3.0764514914208227,3.0967798786690235,3.100769531981631,3.101372706491512,3.116098168116883,3.120718909042644,3.142657976682479,3.1915834104725045,3.2163483371555976,3.2456859359852857,3.246508370041773,3.2615381772921195,3.2667155985189154,3.2951286658587433,3.3075208591731897,3.31284032586444,3.319218386862966,3.3364262490567667,3.3562108914971436,3.4046309670372166,3.4095475395754153,3.4725243617502937,3.4759875976910886,3.489161099719497,3.490323495583229,3.497600131950397,3.5261191817292894,3.549945403779657,3.555427712683957,3.594952554895575,3.6131141918130596,3.615091869660637,3.6611694167645656,3.734830181028189,3.765846291971059,3.797922598206312,3.7996998676173375,3.821694634124073,3.830958317562309,3.8408949923575664,3.8523170580570794,3.859820350346719,3.8827179188551004,3.9139561734847597,3.916077108701825,3.9192084436717343,3.965154398311943,3.9821392644562406,3.9834928776265772,3.9852393991332744,3.989646009795669,4.024411690429602,4.0335166611980755,4.040329942320988,4.045855330394677,4.05489731979419,4.058441360196176,4.0776490033781085,4.090671670078718,4.093475737493222,4.138470733311299,4.209985744109256,4.260673784800917,4.31996505306523,4.325929415454043,4.329799575978518,4.350787761830203,4.381799907029033,4.383487663819398,4.451265089584473,4.467792458514624,4.481992560643084,4.4830563654559485,4.489876676309133,4.513739295110737,4.52071773479033,4.543611651468836,4.574690984558158,4.612415045591609,4.631782275638734,4.6321610619345,4.647484037519434,4.69310492833126,4.704036875143625,4.771438512381691,4.843074851329812,4.852734587994408,4.865998636943889,4.881522110400178,4.93382191132794,4.974087830539236,5.058096861793784,5.06102213237694,5.074046384049919,5.077850643942161,5.10153833386024,5.118324503761019,5.176029117591253,5.18041898662552,5.188212164282353,5.191557147005938,5.192272224087603,5.208142556014601,5.226211031006531,5.263824387447955,5.371531320092314,5.374911585372288,5.375006903972076,5.3856412672651155,5.3900273021750476,5.4104879572652145,5.446097692092502,5.458761576112707,5.518678033066424,5.528681225900665,5.533706950138832,5.566113865448429,5.59274127660261,5.615956372238904,5.625600322802418,5.632909877454517,5.653368464376702,5.654213287220578,5.670684868099536,5.690155252753907,5.717731109507719,5.732469105716775,5.792438493388428,5.843558745934452,5.846025138288802,5.897003338685335,5.9030661476761574,5.911748363139004,5.949609815506236,5.958874624164586,5.997256129698344,6.036902259837476,6.056747547363543,6.0587374768296245,6.060911399941458,6.081305081629918,6.10106035866896,6.1210760046532275,6.1348935283061605,6.1525179146686755,6.22013518023052,6.301473191397734,6.343764098707297,6.687513868596064,6.703486615090567,6.7470642056087,6.875362137793305,7.252505951306772,7.266867549349204,7.276313448721768,7.5711218724872635,7.666941592799369,7.6777565763564075,7.688981987418187,7.713074012174161,7.720732920869052,7.75026536334243,7.884279001092964,8.092148934571583,8.281651395938896,8.461691299619254,8.629270501965124,8.661323381397679,8.778928790186669,8.8702059001084,9.144580176757312,9.172375686277817,9.316791356407068,9.324855500374731,9.385717911232232,9.570335179894247,9.6736522703528,9.820789232776676,9.917333818776406,10.117476286714316,10.150786679428302,10.432217701680825,10.583399726849834,10.62498664527531,10.651383292386889,10.853267606329137,10.905134275252419,10.948579119025764,11.203129937078426,11.246544335863042,11.741796562190776,11.744569662311083,11.812625431253904,11.938378821912556,11.93849449587387,11.99447642981776,12.024317801227273,12.029978122233024,12.094555923572509,12.22434749293362,12.318792794325761,12.477829898624059,12.560991085773109,12.812524576829135,13.063518921651836,13.158871635665955,13.20029793571814,13.293224626797052,13.52393873405549,13.80963994843426,13.834364856333794,13.886293551361588,14.758885045713498,15.501525675624881,16.073498763194696,16.42254420242033,16.796164749933627,16.86620578872472,17.566076875822432,18.39218378319593,18.43731504481324,19.613315740075123,19.85748280892921,20.164275573828352,20.83007177016189,20.861965151313406,21.721234335475305,22.097026847273227,22.20539635655954,23.439621368486343,25.951425504982353,26.645490483302442,27.16542391389834,27.604022793897602,29.086314464670664,