% surfD.m









% start
hold off;
del = 0.1; 








countX = 11;
countY = 11;
x = [0.04300210612675184,0.04787889583316596,0.05274067616742966,0.0575893376593577,0.0624267708387648,0.06725486623546571,0.07207551437927517,0.07689060580000794,0.08170203102747872,0.08651168059150229,0.09132144502189335,0.04282295667153235,0.04769666473200679,0.05255681626403013,0.0574053017974171,0.062244011861982446,0.06707483698754091,0.07189966770390721,0.07672039454089612,0.08153890802832235,0.08635709869600067,0.09117685707374579,0.042648256352771974,0.04751888196127953,0.05237740388503528,0.05722571265385396,0.06206569879755033,0.0668992528459391,0.07172826532883503,0.07655462677605286,0.08138022771740733,0.08620695868271318,0.09103671020178512,0.042475948340787766,0.04734349069130121,0.05220038220076215,0.05704851339898533,0.06188977481578549,0.06672605698097737,0.0715592504243757,0.07639124567579524,0.08122393326505072,0.08605920372195686,0.09089894757632844,0.042303975805896794,0.047168434092388904,0.05202369438152782,0.05687164720312827,0.061714183087005006,0.06655319256297276,0.07139056616084627,0.07622819441044029,0.08106796784156955,0.0859117769840488,0.09076151236769275,0.04213028191841611,0.04699165533485966,0.051845283597649325,0.056693057236599835,0.06153686678152592,0.06637860276224233,0.07122015570856381,0.07606341615030508,0.08091027461728091,0.08576262163930602,0.09062234774619515,0.04195280984866277,0.046811097589030556,0.051663093019443745,0.05651068666971708,0.0613557690696653,0.06620023074910315,0.07104596223784536,0.07589485406570667,0.08074879676250185,0.0856096808580456,0.09047939688215267,0.041769502766953834,0.04662470402521862,0.05147506581722812,0.05632247867279706,0.0611688331217402,0.06601601969387226,0.07086592891900799,0.07572045132696213,0.08058147744754943,0.0854508978105846,0.0903306029458824,0.04157830384360636,0.04643041781374093,0.05127914516131952,0.05612637641615685,0.06097400210806767,0.06582391276686672,0.07067799892236876,0.0755381511043885,0.08040625984274068,0.08528421566724007,0.09017390910770137,0.04137715624893741,0.04622618212491454,0.05107327422203499,0.055920323070113485,0.06076921919896478,0.0656218531384036,0.07048011541824471,0.07534589656830282,0.08022108711839268,0.08510757759832906,0.09000725853792665,0.04116400315326403,0.0460099401290565,0.0508553961696916,0.05570226180498404,0.06055242756474858,0.06540778397879995,0.07027022157695291,0.07514163088902218,0.0800239024448225,0.08491892677416864,0.0898285944068753];
y = [0.47188128276596275,0.4730226052412513,0.47354664360082555,0.47353114886672887,0.47305387206100463,0.4721925642056962,0.47102497632284684,0.4696288594345,0.4680819645626989,0.466462042729487,0.46484684495690753,0.46936351949949695,0.47037810442242484,0.4708351557194796,0.4708124244127046,0.4703876615241432,0.46963861807583873,0.46864304508983445,0.46747869358817384,0.4662233145929002,0.46495465912605677,0.463750478209687,0.467028733991017,0.46791654821244283,0.4683065792978367,0.4682765782692419,0.4679042961487018,0.46726748395825984,0.4664438927199593,0.4655112734558434,0.4645473771879557,0.46362995493833936,0.4628367577290378,0.46479233587396485,0.46555334624474715,0.4658763239693386,0.4658390200697826,0.46551918556812244,0.4649945714864015,0.4643429288466631,0.4636420086709506,0.46296956198130734,0.46240333979977666,0.4620210931484019,0.4625697347817824,0.46320390815277973,0.4634597993674273,0.4634151594477686,0.4631477394158469,0.4627352902937056,0.46225556310338795,0.46178630886693733,0.46140527860639713,0.4611902233438106,0.4612188941012212,0.46027634034791154,0.4607836435699824,0.46097241512554477,0.4609204060366419,0.4607053673253172,0.46040505001361404,0.46009720512357566,0.4598595836772455,0.4597699366966669,0.4599060152038831,0.46034557022093753,0.45782756220579424,0.4582079621297972,0.45832958087713277,0.45827016946984434,0.4581074789299752,0.4579192602795687,0.4577832645406682,0.457777242735317,0.4579789458855585,0.45846612501343603,0.4593165311409929,0.4551388099888723,0.45539227346566596,0.4554467062556333,0.4553798593808179,0.4552694838632628,0.45519333072501156,0.45522915098810746,0.4554546956745938,0.455947715806514,0.4567859624059113,0.4580471864948292,0.4521254933305877,0.45225198721103055,0.4522392008944883,0.45216488540300437,0.45210679175862195,0.4521426709833845,0.4523502740993353,0.45280735212851775,0.45359165609297514,0.45478093701475086,0.45645294591588825,0.4487030218643824,0.448702512999333,0.44862247442713965,0.44854065716984576,0.44853481224949454,0.44868269068812944,0.4490620435077937,0.4497506217305308,0.450826176378384,0.4523664584733966,0.45444921903761204,0.44478680522369823,0.44465926046401516,0.44451193648702925,0.44442258431478393,0.4444689549693225,0.44472879947268823,0.4452798688469246,0.44619991411407484,0.44756668629618235,0.44945793641529047,0.45195141549344253];
z = [-0.7591326293124586,-0.7582136943814191,-0.7576772800379155,-0.7574752052808876,-0.7575592891092757,-0.7578813505220198,-0.7583932085180598,-0.7590466820963359,-0.7597935902557879,-0.7605857519953559,-0.7613749863139802,-0.7549910002009718,-0.7541506024001737,-0.7536556988129975,-0.7534581084383833,-0.753509650275271,-0.7537621433226006,-0.7541674065793122,-0.7546772590443459,-0.7552435197166417,-0.7558180075951395,-0.7563525416787794,-0.7507359828494364,-0.7499741427208454,-0.7495207704319623,-0.7493276849817272,-0.7493467053690801,-0.7495296505929608,-0.7498283396523098,-0.7501945915460667,-0.7505802252731717,-0.7509370598325648,-0.751216914223186,-0.746419996485712,-0.7457367345712936,-0.7453249141226693,-0.7451363541387789,-0.7451228736185624,-0.74523629156096,-0.7454284269649117,-0.7456510988293575,-0.7458561261532374,-0.7459953279354914,-0.7460205231750595,-0.742095460337658,-0.741490797179378,-0.7411205491129779,-0.7409365351373978,-0.7408905742515777,-0.7409344854544576,-0.7410200877449777,-0.7410992001220779,-0.7411236415846982,-0.7410452311317787,-0.7408157877622594,-0.7378147936331342,-0.7372887497729579,-0.7369600946307476,-0.7367806472054435,-0.7367022264959853,-0.7366766515013132,-0.7366557412203673,-0.7365913146520874,-0.7364351907954138,-0.7361391886492864,-0.7356551272126451,-0.7336304155999996,-0.7331830115798929,-0.732895969903838,-0.7327211095707753,-0.7326102495796446,-0.7325152089293862,-0.7323878066189398,-0.7321798616472456,-0.7318431930132435,-0.7313296197158737,-0.7305909607540763,-0.7295947454661141,-0.7292260018280423,-0.7289805941601085,-0.7288103414612529,-0.7286670627304154,-0.728502576966536,-0.7282687031685547,-0.7279172603354117,-0.727400067466047,-0.7266689435594005,-0.7256757076144122,-0.725760202459337,-0.7254701397452659,-0.7252663866274187,-0.7251007621047357,-0.7249250851761568,-0.7246911748406222,-0.7243508500970718,-0.7238559299444456,-0.7231582333816836,-0.7222095794077259,-0.7209617870215126,-0.7221792058075279,-0.7219678445594229,-0.7218057665336279,-0.7216447907290833,-0.7214367361447287,-0.7211334217795043,-0.7206866666323503,-0.7200482897022065,-0.7191701099880129,-0.7180039464887097,-0.7165016182032368,-0.7189041747385462,-0.718771535498373,-0.7186511531065959,-0.718494846562155,-0.7182544348639903,-0.7178817370110419,-0.7173285720022498,-0.7165467588365538,-0.7154881165128943,-0.7141044640302111,-0.7123476203874444];
