% surfC.m







countX = 11;
countY = 11;
x = [-0.18961560335370464,-0.15896015650922266,-0.12830470966474067,-0.0976492628202587,-0.06699381597577671,-0.036338369131294734,-0.005682922286812747,0.024972524557669212,0.05562797140215123,0.08628341824663321,0.11693886509111517,-0.18961560335370464,-0.15896015650922266,-0.12830470966474067,-0.0976492628202587,-0.06699381597577671,-0.036338369131294734,-0.005682922286812747,0.024972524557669212,0.05562797140215123,0.08628341824663321,0.11693886509111517,-0.18961560335370464,-0.15896015650922266,-0.12830470966474067,-0.0976492628202587,-0.06699381597577671,-0.036338369131294734,-0.005682922286812747,0.024972524557669212,0.05562797140215123,0.08628341824663321,0.11693886509111517,-0.18961560335370464,-0.15896015650922266,-0.12830470966474067,-0.0976492628202587,-0.06699381597577671,-0.036338369131294734,-0.005682922286812747,0.024972524557669212,0.05562797140215123,0.08628341824663321,0.11693886509111517,-0.18961560335370464,-0.15896015650922266,-0.12830470966474067,-0.0976492628202587,-0.06699381597577671,-0.036338369131294734,-0.005682922286812747,0.024972524557669212,0.05562797140215123,0.08628341824663321,0.11693886509111517,-0.18961560335370464,-0.15896015650922266,-0.12830470966474067,-0.0976492628202587,-0.06699381597577671,-0.036338369131294734,-0.005682922286812747,0.024972524557669212,0.05562797140215123,0.08628341824663321,0.11693886509111517,-0.18961560335370464,-0.15896015650922266,-0.12830470966474067,-0.0976492628202587,-0.06699381597577671,-0.036338369131294734,-0.005682922286812747,0.024972524557669212,0.05562797140215123,0.08628341824663321,0.11693886509111517,-0.18961560335370464,-0.15896015650922266,-0.12830470966474067,-0.0976492628202587,-0.06699381597577671,-0.036338369131294734,-0.005682922286812747,0.024972524557669212,0.05562797140215123,0.08628341824663321,0.11693886509111517,-0.18961560335370464,-0.15896015650922266,-0.12830470966474067,-0.0976492628202587,-0.06699381597577671,-0.036338369131294734,-0.005682922286812747,0.024972524557669212,0.05562797140215123,0.08628341824663321,0.11693886509111517,-0.18961560335370464,-0.15896015650922266,-0.12830470966474067,-0.0976492628202587,-0.06699381597577671,-0.036338369131294734,-0.005682922286812747,0.024972524557669212,0.05562797140215123,0.08628341824663321,0.11693886509111517,-0.18961560335370464,-0.15896015650922266,-0.12830470966474067,-0.0976492628202587,-0.06699381597577671,-0.036338369131294734,-0.005682922286812747,0.024972524557669212,0.05562797140215123,0.08628341824663321,0.11693886509111517];
y = [-0.1622070290615295,-0.1622070290615295,-0.1622070290615295,-0.1622070290615295,-0.1622070290615295,-0.1622070290615295,-0.1622070290615295,-0.1622070290615295,-0.1622070290615295,-0.1622070290615295,-0.1622070290615295,-0.13449407493885848,-0.13449407493885848,-0.13449407493885848,-0.13449407493885848,-0.13449407493885848,-0.13449407493885848,-0.13449407493885848,-0.13449407493885848,-0.13449407493885848,-0.13449407493885848,-0.13449407493885848,-0.10678112081618746,-0.10678112081618746,-0.10678112081618746,-0.10678112081618746,-0.10678112081618746,-0.10678112081618746,-0.10678112081618746,-0.10678112081618746,-0.10678112081618746,-0.10678112081618746,-0.10678112081618746,-0.07906816669351645,-0.07906816669351645,-0.07906816669351645,-0.07906816669351645,-0.07906816669351645,-0.07906816669351645,-0.07906816669351645,-0.07906816669351645,-0.07906816669351645,-0.07906816669351645,-0.07906816669351645,-0.051355212570845424,-0.051355212570845424,-0.051355212570845424,-0.051355212570845424,-0.051355212570845424,-0.051355212570845424,-0.051355212570845424,-0.051355212570845424,-0.051355212570845424,-0.051355212570845424,-0.051355212570845424,-0.023642258448174414,-0.023642258448174414,-0.023642258448174414,-0.023642258448174414,-0.023642258448174414,-0.023642258448174414,-0.023642258448174414,-0.023642258448174414,-0.023642258448174414,-0.023642258448174414,-0.023642258448174414,0.0040706956744966105,0.0040706956744966105,0.0040706956744966105,0.0040706956744966105,0.0040706956744966105,0.0040706956744966105,0.0040706956744966105,0.0040706956744966105,0.0040706956744966105,0.0040706956744966105,0.0040706956744966105,0.03178364979716761,0.03178364979716761,0.03178364979716761,0.03178364979716761,0.03178364979716761,0.03178364979716761,0.03178364979716761,0.03178364979716761,0.03178364979716761,0.03178364979716761,0.03178364979716761,0.05949660391983866,0.05949660391983866,0.05949660391983866,0.05949660391983866,0.05949660391983866,0.05949660391983866,0.05949660391983866,0.05949660391983866,0.05949660391983866,0.05949660391983866,0.05949660391983866,0.08720955804250966,0.08720955804250966,0.08720955804250966,0.08720955804250966,0.08720955804250966,0.08720955804250966,0.08720955804250966,0.08720955804250966,0.08720955804250966,0.08720955804250966,0.08720955804250966,0.11492251216518068,0.11492251216518068,0.11492251216518068,0.11492251216518068,0.11492251216518068,0.11492251216518068,0.11492251216518068,0.11492251216518068,0.11492251216518068,0.11492251216518068,0.11492251216518068];
z = [1.0144043902962208,0.7201932476859967,0.4889334612392757,0.3136159566201677,0.18723165949278256,0.10277149552123034,0.05322639036962107,0.03158726970206474,0.030845059182671414,0.04399068447555113,0.06401507124481387,0.8049663992484686,0.5487151694017067,0.35095814844694584,0.2046862620482956,0.10289043586986604,0.03856159557576726,0.0046906668301092275,-0.00573142470299802,0.00028624664055555693,0.01573460652487997,0.033604580614085236,0.6329945413969289,0.4122496635555693,0.2455418473347084,0.1258620183984561,0.04620110241092222,-0.00044997496378302443,-0.02110028806154974,-0.02275891121826782,-0.012434918769827268,0.002862614947881932,0.016124615598969792,0.4934239944910014,0.3057319078969841,0.16761973565196345,0.07207840342004905,0.012098836865350987,-0.019328038348020674,-0.029211296555955946,-0.024560012094344795,-0.012383259299077173,0.0003098874939569292,0.006510353948867509,0.381189936280086,0.22409708017535127,0.11212699114811078,0.03827059486247447,-0.004481183017447704,-0.02313741682754568,-0.024707180903709415,-0.016199549581828912,-0.004623597197794137,0.003011601912504937,-0.0003030265868216777,0.2912275445135829,0.16228035814007066,0.07399879157255053,0.019373770475132345,-0.008603779488073865,-0.016942932652958036,-0.012652763355410166,-0.002742345931320238,0.005779245283421796,0.005902935952925935,-0.00938034825869778,0.21847199694089187,0.11521691954054226,0.04817031467468255,0.01032310800742261,-0.00533377479712752,-0.005809408074857807,0.0018871338383417682,0.010746776606581224,0.013760445893970595,0.0039190673646198925,-0.02578643331736082,0.157858471311413,0.07784194212616607,0.02957673820390687,0.006053785208745255,0.00026400880479128573,0.005198334656154972,0.013847688426946347,0.01920299578127543,0.014255182383252244,-0.008004826103013197,-0.05458610401341081,0.10432214537454607,0.04509060364634198,0.013153239909623417,0.0015009798285002453,0.0031247490670825353,0.011015473289480297,0.01816407815980356,0.017561489342162354,0.0021986325006666824,-0.03493356670057343,-0.10084418259744789,0.05279819687969127,0.011898081850470092,-0.006165002458767794,-0.008400130383912453,-0.0018163762608538123,0.006577185574518116,0.009771480786313371,0.0007574350386419827,-0.027474026004386073,-0.08193197667866073,-0.1696254913200719,-0.0017781964237515643,-0.026800445512049763,-0.03344281115186682,-0.028714367679092863,-0.019624189429617772,-0.013181350739331597,-0.01639492594412427,-0.036273989379885754,-0.07982761538250611,-0.15406487828787527,-0.265994852431883];
