% surfC.m







countX = 11;
countY = 11;
x = [-1.1590181514377647,-0.9129264090882472,-0.6668346667387297,-0.42074292438921235,-0.17465118203969487,0.07144056030982249,0.31753230265933996,0.5636240450088572,0.8097157873583749,1.0558075297078924,1.3018992720574096,-1.1590181514377647,-0.9129264090882472,-0.6668346667387297,-0.42074292438921235,-0.17465118203969487,0.07144056030982249,0.31753230265933996,0.5636240450088572,0.8097157873583749,1.0558075297078924,1.3018992720574096,-1.1590181514377647,-0.9129264090882472,-0.6668346667387297,-0.42074292438921235,-0.17465118203969487,0.07144056030982249,0.31753230265933996,0.5636240450088572,0.8097157873583749,1.0558075297078924,1.3018992720574096,-1.1590181514377647,-0.9129264090882472,-0.6668346667387297,-0.42074292438921235,-0.17465118203969487,0.07144056030982249,0.31753230265933996,0.5636240450088572,0.8097157873583749,1.0558075297078924,1.3018992720574096,-1.1590181514377647,-0.9129264090882472,-0.6668346667387297,-0.42074292438921235,-0.17465118203969487,0.07144056030982249,0.31753230265933996,0.5636240450088572,0.8097157873583749,1.0558075297078924,1.3018992720574096,-1.1590181514377647,-0.9129264090882472,-0.6668346667387297,-0.42074292438921235,-0.17465118203969487,0.07144056030982249,0.31753230265933996,0.5636240450088572,0.8097157873583749,1.0558075297078924,1.3018992720574096,-1.1590181514377647,-0.9129264090882472,-0.6668346667387297,-0.42074292438921235,-0.17465118203969487,0.07144056030982249,0.31753230265933996,0.5636240450088572,0.8097157873583749,1.0558075297078924,1.3018992720574096,-1.1590181514377647,-0.9129264090882472,-0.6668346667387297,-0.42074292438921235,-0.17465118203969487,0.07144056030982249,0.31753230265933996,0.5636240450088572,0.8097157873583749,1.0558075297078924,1.3018992720574096,-1.1590181514377647,-0.9129264090882472,-0.6668346667387297,-0.42074292438921235,-0.17465118203969487,0.07144056030982249,0.31753230265933996,0.5636240450088572,0.8097157873583749,1.0558075297078924,1.3018992720574096,-1.1590181514377647,-0.9129264090882472,-0.6668346667387297,-0.42074292438921235,-0.17465118203969487,0.07144056030982249,0.31753230265933996,0.5636240450088572,0.8097157873583749,1.0558075297078924,1.3018992720574096,-1.1590181514377647,-0.9129264090882472,-0.6668346667387297,-0.42074292438921235,-0.17465118203969487,0.07144056030982249,0.31753230265933996,0.5636240450088572,0.8097157873583749,1.0558075297078924,1.3018992720574096];
y = [-1.1798556837592284,-1.1798556837592284,-1.1798556837592284,-1.1798556837592284,-1.1798556837592284,-1.1798556837592284,-1.1798556837592284,-1.1798556837592284,-1.1798556837592284,-1.1798556837592284,-1.1798556837592284,-0.9340308411524192,-0.9340308411524192,-0.9340308411524192,-0.9340308411524192,-0.9340308411524192,-0.9340308411524192,-0.9340308411524192,-0.9340308411524192,-0.9340308411524192,-0.9340308411524192,-0.9340308411524192,-0.6882059985456099,-0.6882059985456099,-0.6882059985456099,-0.6882059985456099,-0.6882059985456099,-0.6882059985456099,-0.6882059985456099,-0.6882059985456099,-0.6882059985456099,-0.6882059985456099,-0.6882059985456099,-0.4423811559388007,-0.4423811559388007,-0.4423811559388007,-0.4423811559388007,-0.4423811559388007,-0.4423811559388007,-0.4423811559388007,-0.4423811559388007,-0.4423811559388007,-0.4423811559388007,-0.4423811559388007,-0.19655631333199142,-0.19655631333199142,-0.19655631333199142,-0.19655631333199142,-0.19655631333199142,-0.19655631333199142,-0.19655631333199142,-0.19655631333199142,-0.19655631333199142,-0.19655631333199142,-0.19655631333199142,0.04926852927481784,0.04926852927481784,0.04926852927481784,0.04926852927481784,0.04926852927481784,0.04926852927481784,0.04926852927481784,0.04926852927481784,0.04926852927481784,0.04926852927481784,0.04926852927481784,0.2950933718816271,0.2950933718816271,0.2950933718816271,0.2950933718816271,0.2950933718816271,0.2950933718816271,0.2950933718816271,0.2950933718816271,0.2950933718816271,0.2950933718816271,0.2950933718816271,0.5409182144884364,0.5409182144884364,0.5409182144884364,0.5409182144884364,0.5409182144884364,0.5409182144884364,0.5409182144884364,0.5409182144884364,0.5409182144884364,0.5409182144884364,0.5409182144884364,0.7867430570952456,0.7867430570952456,0.7867430570952456,0.7867430570952456,0.7867430570952456,0.7867430570952456,0.7867430570952456,0.7867430570952456,0.7867430570952456,0.7867430570952456,0.7867430570952456,1.032567899702055,1.032567899702055,1.032567899702055,1.032567899702055,1.032567899702055,1.032567899702055,1.032567899702055,1.032567899702055,1.032567899702055,1.032567899702055,1.032567899702055,1.2783927423088641,1.2783927423088641,1.2783927423088641,1.2783927423088641,1.2783927423088641,1.2783927423088641,1.2783927423088641,1.2783927423088641,1.2783927423088641,1.2783927423088641,1.2783927423088641];
z = [-0.8162340378378052,-0.6793793967333192,-0.5379991791692104,-0.3964148344920215,-0.25894781204829515,-0.12991956118457398,-0.013651531247400504,0.08553482841668254,0.16331806846113273,0.21537673953940734,0.23738939230496386,-0.565553313799593,-0.46679344869818484,-0.3605957288341741,-0.2512816035541032,-0.14317252220451476,-0.040589934131951486,0.052144711317044144,0.1307099647959293,0.19078437695816172,0.22804649845719838,0.23817487994649705,-0.34770325494653387,-0.2866039499778823,-0.21515451194364785,-0.13767639019037337,-0.05849103406460134,0.018080107087125548,0.08771558391826477,0.14609394708227366,0.18889374723260974,0.2117935350227301,0.21047186110609228,-0.15906513838988734,-0.13519217768367067,-0.09805680560889118,-0.05198047151209159,-0.0012846247398144222,0.049709285361397605,0.09667980944500199,0.13530549816445606,0.16126490217321723,0.17023657212474283,0.15789905867249024,0.003979758759087009,-0.008939408926809675,-0.005683886941163571,0.009424875369482666,0.03206542865858648,0.05791632357960518,0.08265611078599625,0.10196334093121698,0.11151656466872484,0.10699433265197712,0.0840751955344313,0.1450501593891298,0.09577307918144122,0.06558296694827545,0.050158373343089875,0.04517784901934184,0.04631994463048873,0.04926321082998799,0.04968619827129693,0.043267457607873004,0.025685539493173554,-0.00738100541934403,0.2677647863889814,0.1825640095298225,0.11936247894816639,0.07383874529747049,0.04167135923119213,0.018538871402788742,0.00011983246571769884,-0.017907206926563616,-0.03986369612059783,-0.0700710844629275,-0.11285082130009534,0.3757423626473824,0.2550521050070746,0.15927337194724972,0.084084714121365,0.025164682182877842,-0.02180817321475432,-0.061155301418074126,-0.09719815177362419,-0.13425817362794717,-0.17665681632758556,-0.22871552921908217,0.4726016110530731,0.3168560885019381,0.18893436883426584,0.08451500270351386,-0.000723459236860579,-0.07110246633339996,-0.13094346793264705,-0.18456791338114428,-0.23629725202543456,-0.29045293321206017,-0.3513564062875638,0.5619612544947944,0.37159468290315334,0.21196419249795537,0.07874833393265758,-0.03237434213928262,-0.12572528506440778,-0.2056259441892606,-0.2763977688603836,-0.3423622084243196,-0.407840712227611,-0.47715472961680017,0.647440015861286,0.4228866110994609,0.23198156582705853,0.07040343069753663,-0.06616924363564779,-0.1820579065190372,-0.28158400729917415,-0.36906899532260135,-0.4488343199358615,-0.525201430485497,-0.6024917763180503];
