% surfC.m










hold off;








del = 0.1; 









ox = -0.005075992859790185;
oy = 0.006388434354628825;
oz = -0.003347847652841518;
nx = -0.12749534666914958;
ny = 0.2824912353426489;
nz = -0.9507595061487933;

countX = 11;
countY = 11;
x = [-0.06820787805525154,-0.05535491617927097,-0.0425019543032904,-0.02964899242730984,-0.016796030551329263,-0.0039430686753487015,0.00890989320063186,0.021762855076612422,0.03461581695259301,0.047468778828573574,0.060321740704554136,-0.06820787805525154,-0.05535491617927097,-0.0425019543032904,-0.02964899242730984,-0.016796030551329263,-0.0039430686753487015,0.00890989320063186,0.021762855076612422,0.03461581695259301,0.047468778828573574,0.060321740704554136,-0.06820787805525154,-0.05535491617927097,-0.0425019543032904,-0.02964899242730984,-0.016796030551329263,-0.0039430686753487015,0.00890989320063186,0.021762855076612422,0.03461581695259301,0.047468778828573574,0.060321740704554136,-0.06820787805525154,-0.05535491617927097,-0.0425019543032904,-0.02964899242730984,-0.016796030551329263,-0.0039430686753487015,0.00890989320063186,0.021762855076612422,0.03461581695259301,0.047468778828573574,0.060321740704554136,-0.06820787805525154,-0.05535491617927097,-0.0425019543032904,-0.02964899242730984,-0.016796030551329263,-0.0039430686753487015,0.00890989320063186,0.021762855076612422,0.03461581695259301,0.047468778828573574,0.060321740704554136,-0.06820787805525154,-0.05535491617927097,-0.0425019543032904,-0.02964899242730984,-0.016796030551329263,-0.0039430686753487015,0.00890989320063186,0.021762855076612422,0.03461581695259301,0.047468778828573574,0.060321740704554136,-0.06820787805525154,-0.05535491617927097,-0.0425019543032904,-0.02964899242730984,-0.016796030551329263,-0.0039430686753487015,0.00890989320063186,0.021762855076612422,0.03461581695259301,0.047468778828573574,0.060321740704554136,-0.06820787805525154,-0.05535491617927097,-0.0425019543032904,-0.02964899242730984,-0.016796030551329263,-0.0039430686753487015,0.00890989320063186,0.021762855076612422,0.03461581695259301,0.047468778828573574,0.060321740704554136,-0.06820787805525154,-0.05535491617927097,-0.0425019543032904,-0.02964899242730984,-0.016796030551329263,-0.0039430686753487015,0.00890989320063186,0.021762855076612422,0.03461581695259301,0.047468778828573574,0.060321740704554136,-0.06820787805525154,-0.05535491617927097,-0.0425019543032904,-0.02964899242730984,-0.016796030551329263,-0.0039430686753487015,0.00890989320063186,0.021762855076612422,0.03461581695259301,0.047468778828573574,0.060321740704554136,-0.06820787805525154,-0.05535491617927097,-0.0425019543032904,-0.02964899242730984,-0.016796030551329263,-0.0039430686753487015,0.00890989320063186,0.021762855076612422,0.03461581695259301,0.047468778828573574,0.060321740704554136];
y = [-0.06505130894226913,-0.06505130894226913,-0.06505130894226913,-0.06505130894226913,-0.06505130894226913,-0.06505130894226913,-0.06505130894226913,-0.06505130894226913,-0.06505130894226913,-0.06505130894226913,-0.06505130894226913,-0.051124771464183705,-0.051124771464183705,-0.051124771464183705,-0.051124771464183705,-0.051124771464183705,-0.051124771464183705,-0.051124771464183705,-0.051124771464183705,-0.051124771464183705,-0.051124771464183705,-0.051124771464183705,-0.037198233986098284,-0.037198233986098284,-0.037198233986098284,-0.037198233986098284,-0.037198233986098284,-0.037198233986098284,-0.037198233986098284,-0.037198233986098284,-0.037198233986098284,-0.037198233986098284,-0.037198233986098284,-0.023271696508012862,-0.023271696508012862,-0.023271696508012862,-0.023271696508012862,-0.023271696508012862,-0.023271696508012862,-0.023271696508012862,-0.023271696508012862,-0.023271696508012862,-0.023271696508012862,-0.023271696508012862,-0.009345159029927441,-0.009345159029927441,-0.009345159029927441,-0.009345159029927441,-0.009345159029927441,-0.009345159029927441,-0.009345159029927441,-0.009345159029927441,-0.009345159029927441,-0.009345159029927441,-0.009345159029927441,0.00458137844815798,0.00458137844815798,0.00458137844815798,0.00458137844815798,0.00458137844815798,0.00458137844815798,0.00458137844815798,0.00458137844815798,0.00458137844815798,0.00458137844815798,0.00458137844815798,0.0185079159262434,0.0185079159262434,0.0185079159262434,0.0185079159262434,0.0185079159262434,0.0185079159262434,0.0185079159262434,0.0185079159262434,0.0185079159262434,0.0185079159262434,0.0185079159262434,0.03243445340432882,0.03243445340432882,0.03243445340432882,0.03243445340432882,0.03243445340432882,0.03243445340432882,0.03243445340432882,0.03243445340432882,0.03243445340432882,0.03243445340432882,0.03243445340432882,0.046360990882414244,0.046360990882414244,0.046360990882414244,0.046360990882414244,0.046360990882414244,0.046360990882414244,0.046360990882414244,0.046360990882414244,0.046360990882414244,0.046360990882414244,0.046360990882414244,0.060287528360499665,0.060287528360499665,0.060287528360499665,0.060287528360499665,0.060287528360499665,0.060287528360499665,0.060287528360499665,0.060287528360499665,0.060287528360499665,0.060287528360499665,0.060287528360499665,0.07421406583858509,0.07421406583858509,0.07421406583858509,0.07421406583858509,0.07421406583858509,0.07421406583858509,0.07421406583858509,0.07421406583858509,0.07421406583858509,0.07421406583858509,0.07421406583858509];
z = [-0.022774818290968814,-0.002125352301051592,0.020403960201725295,0.04481311921736185,0.0711021247458581,0.09927097678721403,0.1293196753414296,0.1612482204085049,0.1950566119884399,0.23074485008123452,0.2683129346868888,-0.04001758444695442,-0.020645805666002756,0.0006058196278085673,0.023737291434479564,0.04874860975401027,0.07563977458640063,0.10441078593165067,0.13506164378976038,0.16759234816072985,0.20200289904455893,0.23829329644124764,-0.056870378413181454,-0.03877628684119535,-0.01880234875634958,0.003051435841355863,0.026785066951921004,0.0523985445753458,0.07989186871163029,0.10926503936077442,0.14051805652277832,0.17365092019764186,0.20866363038536503,-0.07333320018964991,-0.05651679582662934,-0.037820544950749144,-0.017244447562009258,0.005211496339590324,0.02954728675404956,0.05576292368136848,0.08385840712154707,0.11383373707458541,0.14568891354048338,0.179423936519241,-0.08940604977635976,-0.0738673326223048,-0.056448768955390125,-0.037150358775615816,-0.015972102082981783,0.007086001122511894,0.032023950840865255,0.05884174707207829,0.08753938981615109,0.11811687907308346,0.15057421484287553,-0.10508892717331106,-0.09082789722822163,-0.07468702077027253,-0.05666629779946378,-0.03676572831579532,-0.014985312319267193,0.008674950190120611,0.03421505921236809,0.06163501474747532,0.09093481679544216,0.12211446535626867,-0.12038183238050378,-0.1073984896443799,-0.09253530039539638,-0.07579226463355317,-0.05716938235885026,-0.0366666535712877,-0.014284078270865457,0.009978343542416461,0.036120611868558125,0.06414272670755941,0.09404468805942036,-0.13528476539793793,-0.12357910987077961,-0.10999360783076166,-0.09452825927788398,-0.07718306421214666,-0.057958022633549634,-0.03685313454209295,-0.013868399937776589,0.010996181179399506,0.037740608809435236,0.06636488295233063,-0.14979772622561346,-0.13936975790742073,-0.1270619430763683,-0.1128742817324562,-0.09680677387568443,-0.07885941950605299,-0.059032218623561866,-0.03732517122821106,-0.013738277320000526,0.011728463101069644,0.03907505003499948,-0.16392071486353044,-0.15477043375430327,-0.1437403061322164,-0.13083033199726984,-0.11604051134946364,-0.09937084418879776,-0.08082133051527218,-0.060391970328886935,-0.03808276362964197,-0.013893710417537355,0.012175189307426924,-0.17765373131168882,-0.1697811374114272,-0.1600286969983059,-0.14839641007232493,-0.1348842766334843,-0.11949229668178395,-0.10222047021722395,-0.08306879723980427,-0.06203727774952484,-0.03912591174638579,-0.014334699230387075];
