% surfB.m






width = 11;
height = 11;





x = [0,0,0,0,0,0,0.0014619119433005965,0.001496580185968795,0.0015083180098445924,0.001496580185968795,0.0014619119433005965,0,0,0,0,0,0,0,0,0,0,0.001496580185968795,0.0015807037024967677,0.0016436717795286502,0.0016826503324987537,0.0016958475226210034,0.0016826503324987537,0.0016436717795286502,0.0015807037024967677,0.001496580185968795,0,0,0,0,0,0,0.0014169336413248348,0.0015440867406670855,0.0016565632570709886,0.0017496795015879056,0.0018193788092209999,0.0018625241343224875,0.0018771320921573344,0.0018625241343224875,0.0018193788092209999,0.0017496795015879056,0.0016565632570709886,0.0015440867406670855,0.0014169336413248348,0,0,0,0,0.0015440867406670855,0.0016826503324987537,0.0018052202909996375,0.0019066926213233437,0.001982646620587071,0.0020296637302582676,0.0020455825801910855,0.0020296637302582676,0.001982646620587071,0.0019066926213233437,0.0018052202909996375,0.0016826503324987537,0.0015440867406670855,0,0,0,0.001496580185968795,0.0016565632570709886,0.0018052202909996375,0.0019367186610883278,0.0020455825801910855,0.0021270693264301786,0.0021775113218723084,0.002194589754837894,0.0021775113218723084,0.0021270693264301786,0.0020455825801910855,0.0019367186610883278,0.0018052202909996375,0.0016565632570709886,0.001496580185968795,0,0,0.0015807037024967677,0.0017496795015879056,0.0019066926213233437,0.0020455825801910855,0.002160565794326479,0.0022466329510964105,0.0022999103161880003,0.0023179487363639752,0.0022999103161880003,0.0022466329510964105,0.002160565794326479,0.0020455825801910855,0.0019066926213233437,0.0017496795015879056,0.0015807037024967677,0,0.0014619119433005965,0.0016436717795286502,0.0018193788092209999,0.001982646620587071,0.0021270693264301786,0.0022466329510964105,0.0023361286336228415,0.0023915283276644073,0.0024102853168102532,0.0023915283276644073,0.0023361286336228415,0.0022466329510964105,0.0021270693264301786,0.001982646620587071,0.0018193788092209999,0.0016436717795286502,0.0014619119433005965,0.001496580185968795,0.0016826503324987537,0.0018625241343224875,0.0020296637302582676,0.0021775113218723084,0.0022999103161880003,0.0023915283276644073,0.002448241787590149,0.002467443585915106,0.002448241787590149,0.0023915283276644073,0.0022999103161880003,0.0021775113218723084,0.0020296637302582676,0.0018625241343224875,0.0016826503324987537,0.001496580185968795,0.0015083180098445924,0.0016958475226210034,0.0018771320921573344,0.0020455825801910855,0.002194589754837894,0.0023179487363639752,0.0024102853168102532,0.002467443585915106,0.0024867959858108648,0.002467443585915106,0.0024102853168102532,0.0023179487363639752,0.002194589754837894,0.0020455825801910855,0.0018771320921573344,0.0016958475226210034,0.0015083180098445924,0.001496580185968795,0.0016826503324987537,0.0018625241343224875,0.0020296637302582676,0.0021775113218723084,0.0022999103161880003,0.0023915283276644073,0.002448241787590149,0.002467443585915106,0.002448241787590149,0.0023915283276644073,0.0022999103161880003,0.0021775113218723084,0.0020296637302582676,0.0018625241343224875,0.0016826503324987537,0.001496580185968795,0.0014619119433005965,0.0016436717795286502,0.0018193788092209999,0.001982646620587071,0.0021270693264301786,0.0022466329510964105,0.0023361286336228415,0.0023915283276644073,0.0024102853168102532,0.0023915283276644073,0.0023361286336228415,0.0022466329510964105,0.0021270693264301786,0.001982646620587071,0.0018193788092209999,0.0016436717795286502,0.0014619119433005965,0,0.0015807037024967677,0.0017496795015879056,0.0019066926213233437,0.0020455825801910855,0.002160565794326479,0.0022466329510964105,0.0022999103161880003,0.0023179487363639752,0.0022999103161880003,0.0022466329510964105,0.002160565794326479,0.0020455825801910855,0.0019066926213233437,0.0017496795015879056,0.0015807037024967677,0,0,0.001496580185968795,0.0016565632570709886,0.0018052202909996375,0.0019367186610883278,0.0020455825801910855,0.0021270693264301786,0.0021775113218723084,0.002194589754837894,0.0021775113218723084,0.0021270693264301786,0.0020455825801910855,0.0019367186610883278,0.0018052202909996375,0.0016565632570709886,0.001496580185968795,0,0,0,0.0015440867406670855,0.0016826503324987537,0.0018052202909996375,0.0019066926213233437,0.001982646620587071,0.0020296637302582676,0.0020455825801910855,0.0020296637302582676,0.001982646620587071,0.0019066926213233437,0.0018052202909996375,0.0016826503324987537,0.0015440867406670855,0,0,0,0,0.0014169336413248348,0.0015440867406670855,0.0016565632570709886,0.0017496795015879056,0.0018193788092209999,0.0018625241343224875,0.0018771320921573344,0.0018625241343224875,0.0018193788092209999,0.0017496795015879056,0.0016565632570709886,0.0015440867406670855,0.0014169336413248348,0,0,0,0,0,0,0.001496580185968795,0.0015807037024967677,0.0016436717795286502,0.0016826503324987537,0.0016958475226210034,0.0016826503324987537,0.0016436717795286502,0.0015807037024967677,0.001496580185968795,0,0,0,0,0,0,0,0,0,0,0.0014619119433005965,0.001496580185968795,0.0015083180098445924,0.001496580185968795,0.0014619119433005965,0,0,0,0,0,0];
x = [0,0,0,0,0,0,0.001188021704236619,0.0013047865841262576,0.0013462049563655396,0.0013047865841262576,0.001188021704236619,0,0,0,0,0,0,0,0,0,0,0.0013047865841262576,0.0016238331402885651,0.001898453277812714,0.0020850430245903887,0.0021512293949731225,0.0020850430245903887,0.001898453277812714,0.0016238331402885651,0.0013047865841262576,0,0,0,0,0,0,0.0010484254741920886,0.001478516899385017,0.00195871665382833,0.002437662261105679,0.0028499159149899117,0.0031300203005602016,0.0032293778104413476,0.0031300203005602016,0.0028499159149899117,0.002437662261105679,0.00195871665382833,0.001478516899385017,0.0010484254741920886,0,0,0,0,0.001478516899385017,0.0020850430245903887,0.002762233220271282,0.003437654784967104,0.004019025620667902,0.004414036117695994,0.004554152664895775,0.004414036117695994,0.004019025620667902,0.003437654784967104,0.002762233220271282,0.0020850430245903887,0.001478516899385017,0,0,0,0.0013047865841262576,0.00195871665382833,0.002762233220271282,0.003659364470269948,0.004554152664895775,0.005324343887201656,0.005847647773202386,0.00603327203937837,0.005847647773202386,0.005324343887201656,0.004554152664895775,0.003659364470269948,0.002762233220271282,0.00195871665382833,0.0013047865841262576,0,0,0.0016238331402885651,0.002437662261105679,0.003437654784967104,0.004554152664895775,0.005667734565299339,0.0066262530282839545,0.007277515236883999,0.0075085283686293375,0.007277515236883999,0.0066262530282839545,0.005667734565299339,0.004554152664895775,0.003437654784967104,0.002437662261105679,0.0016238331402885651,0,0.001188021704236619,0.001898453277812714,0.0028499159149899117,0.004019025620667902,0.005324343887201656,0.0066262530282839545,0.007746874644353311,0.008508277305720714,0.008778359019351575,0.008508277305720714,0.007746874644353311,0.0066262530282839545,0.005324343887201656,0.004019025620667902,0.0028499159149899117,0.001898453277812714,0.001188021704236619,0.0013047865841262576,0.0020850430245903887,0.0031300203005602016,0.004414036117695994,0.005847647773202386,0.007277515236883999,0.008508277305720714,0.009344514534491366,0.009641141267241013,0.009344514534491366,0.008508277305720714,0.007277515236883999,0.005847647773202386,0.004414036117695994,0.0031300203005602016,0.0020850430245903887,0.0013047865841262576,0.0013462049563655396,0.0021512293949731225,0.0032293778104413476,0.004554152664895775,0.00603327203937837,0.0075085283686293375,0.008778359019351575,0.009641141267241013,0.009947183943243459,0.009641141267241013,0.008778359019351575,0.0075085283686293375,0.00603327203937837,0.004554152664895775,0.0032293778104413476,0.0021512293949731225,0.0013462049563655396,0.0013047865841262576,0.0020850430245903887,0.0031300203005602016,0.004414036117695994,0.005847647773202386,0.007277515236883999,0.008508277305720714,0.009344514534491366,0.009641141267241013,0.009344514534491366,0.008508277305720714,0.007277515236883999,0.005847647773202386,0.004414036117695994,0.0031300203005602016,0.0020850430245903887,0.0013047865841262576,0.001188021704236619,0.001898453277812714,0.0028499159149899117,0.004019025620667902,0.005324343887201656,0.0066262530282839545,0.007746874644353311,0.008508277305720714,0.008778359019351575,0.008508277305720714,0.007746874644353311,0.0066262530282839545,0.005324343887201656,0.004019025620667902,0.0028499159149899117,0.001898453277812714,0.001188021704236619,0,0.0016238331402885651,0.002437662261105679,0.003437654784967104,0.004554152664895775,0.005667734565299339,0.0066262530282839545,0.007277515236883999,0.0075085283686293375,0.007277515236883999,0.0066262530282839545,0.005667734565299339,0.004554152664895775,0.003437654784967104,0.002437662261105679,0.0016238331402885651,0,0,0.0013047865841262576,0.00195871665382833,0.002762233220271282,0.003659364470269948,0.004554152664895775,0.005324343887201656,0.005847647773202386,0.00603327203937837,0.005847647773202386,0.005324343887201656,0.004554152664895775,0.003659364470269948,0.002762233220271282,0.00195871665382833,0.0013047865841262576,0,0,0,0.001478516899385017,0.0020850430245903887,0.002762233220271282,0.003437654784967104,0.004019025620667902,0.004414036117695994,0.004554152664895775,0.004414036117695994,0.004019025620667902,0.003437654784967104,0.002762233220271282,0.0020850430245903887,0.001478516899385017,0,0,0,0,0.0010484254741920886,0.001478516899385017,0.00195871665382833,0.002437662261105679,0.0028499159149899117,0.0031300203005602016,0.0032293778104413476,0.0031300203005602016,0.0028499159149899117,0.002437662261105679,0.00195871665382833,0.001478516899385017,0.0010484254741920886,0,0,0,0,0,0,0.0013047865841262576,0.0016238331402885651,0.001898453277812714,0.0020850430245903887,0.0021512293949731225,0.0020850430245903887,0.001898453277812714,0.0016238331402885651,0.0013047865841262576,0,0,0,0,0,0,0,0,0,0,0.001188021704236619,0.0013047865841262576,0.0013462049563655396,0.0013047865841262576,0.001188021704236619,0,0,0,0,0,0];
x = [0,0,0,0,0,0,0.0001876774852223943,0.00023175076039281482,0.00024863227197918986,0.00023175076039281482,0.0001876774852223943,0,0,0,0,0,0,0,0,0,0,0.00023175076039281482,0.0003791189414499648,0.0005388366617354864,0.0006653744637336196,0.0007138425969115137,0.0006653744637336196,0.0005388366617354864,0.0003791189414499648,0.00023175076039281482,0,0,0,0,0,0,0.0001416663982475699,0.0003070198751922263,0.0005780873521445838,0.0009456877925198065,0.001344093363461308,0.0016597337642923911,0.0017806344022221583,0.0016597337642923911,0.001344093363461308,0.0009456877925198065,0.0005780873521445838,0.0003070198751922263,0.0001416663982475699,0,0,0,0,0.0003070198751922263,0.0006653744637336196,0.0012528327740461854,0.0020494976340320946,0.0029129234723356077,0.003596980367037141,0.003858996619493777,0.003596980367037141,0.0029129234723356077,0.0020494976340320946,0.0012528327740461854,0.0006653744637336196,0.0003070198751922263,0,0,0,0.00023175076039281482,0.0005780873521445838,0.0012528327740461854,0.0023589573169321993,0.003858996619493777,0.0054847400874877775,0.006772749988236603,0.007266100073493033,0.006772749988236603,0.0054847400874877775,0.003858996619493777,0.0023589573169321993,0.0012528327740461854,0.0005780873521445838,0.00023175076039281482,0,0,0.0003791189414499648,0.0009456877925198065,0.0020494976340320946,0.003858996619493777,0.006312897144163298,0.008972435959096955,0.011079479531775165,0.011886546407282457,0.011079479531775165,0.008972435959096955,0.006312897144163298,0.003858996619493777,0.0020494976340320946,0.0009456877925198065,0.0003791189414499648,0,0.0001876774852223943,0.0005388366617354864,0.001344093363461308,0.0029129234723356077,0.0054847400874877775,0.008972435959096955,0.012752402771923516,0.015747115514291154,0.01689418882941601,0.015747115514291154,0.012752402771923516,0.008972435959096955,0.0054847400874877775,0.0029129234723356077,0.001344093363461308,0.0005388366617354864,0.0001876774852223943,0.00023175076039281482,0.0006653744637336196,0.0016597337642923911,0.003596980367037141,0.006772749988236603,0.011079479531775165,0.015747115514291154,0.019445092148938314,0.020861538627275782,0.019445092148938314,0.015747115514291154,0.011079479531775165,0.006772749988236603,0.003596980367037141,0.0016597337642923911,0.0006653744637336196,0.00023175076039281482,0.00024863227197918986,0.0007138425969115137,0.0017806344022221583,0.003858996619493777,0.007266100073493033,0.011886546407282457,0.01689418882941601,0.020861538627275782,0.022381163872297785,0.020861538627275782,0.01689418882941601,0.011886546407282457,0.007266100073493033,0.003858996619493777,0.0017806344022221583,0.0007138425969115137,0.00024863227197918986,0.00023175076039281482,0.0006653744637336196,0.0016597337642923911,0.003596980367037141,0.006772749988236603,0.011079479531775165,0.015747115514291154,0.019445092148938314,0.020861538627275782,0.019445092148938314,0.015747115514291154,0.011079479531775165,0.006772749988236603,0.003596980367037141,0.0016597337642923911,0.0006653744637336196,0.00023175076039281482,0.0001876774852223943,0.0005388366617354864,0.001344093363461308,0.0029129234723356077,0.0054847400874877775,0.008972435959096955,0.012752402771923516,0.015747115514291154,0.01689418882941601,0.015747115514291154,0.012752402771923516,0.008972435959096955,0.0054847400874877775,0.0029129234723356077,0.001344093363461308,0.0005388366617354864,0.0001876774852223943,0,0.0003791189414499648,0.0009456877925198065,0.0020494976340320946,0.003858996619493777,0.006312897144163298,0.008972435959096955,0.011079479531775165,0.011886546407282457,0.011079479531775165,0.008972435959096955,0.006312897144163298,0.003858996619493777,0.0020494976340320946,0.0009456877925198065,0.0003791189414499648,0,0,0.00023175076039281482,0.0005780873521445838,0.0012528327740461854,0.0023589573169321993,0.003858996619493777,0.0054847400874877775,0.006772749988236603,0.007266100073493033,0.006772749988236603,0.0054847400874877775,0.003858996619493777,0.0023589573169321993,0.0012528327740461854,0.0005780873521445838,0.00023175076039281482,0,0,0,0.0003070198751922263,0.0006653744637336196,0.0012528327740461854,0.0020494976340320946,0.0029129234723356077,0.003596980367037141,0.003858996619493777,0.003596980367037141,0.0029129234723356077,0.0020494976340320946,0.0012528327740461854,0.0006653744637336196,0.0003070198751922263,0,0,0,0,0.0001416663982475699,0.0003070198751922263,0.0005780873521445838,0.0009456877925198065,0.001344093363461308,0.0016597337642923911,0.0017806344022221583,0.0016597337642923911,0.001344093363461308,0.0009456877925198065,0.0005780873521445838,0.0003070198751922263,0.0001416663982475699,0,0,0,0,0,0,0.00023175076039281482,0.0003791189414499648,0.0005388366617354864,0.0006653744637336196,0.0007138425969115137,0.0006653744637336196,0.0005388366617354864,0.0003791189414499648,0.00023175076039281482,0,0,0,0,0,0,0,0,0,0,0.0001876774852223943,0.00023175076039281482,0.00024863227197918986,0.00023175076039281482,0.0001876774852223943,0,0,0,0,0,0];





s = size(x,2)
width = s^0.5
height = width

tz = reshape(x, width,height);


ty = 1:1:width;
tx = 1:1:height;
[xx, yy] = meshgrid (tx, ty);

mesh (tx, ty, tz);


