% surfD.m









% start
hold off;
del = 0.1; 










countX = 11;
countY = 11;
x = [-0.5640517074121982,-0.5453116892559908,-0.5266990793899591,-0.5082061600904321,-0.4898252136337386,-0.4715485222962078,-0.45336836835416877,-0.43527703408395035,-0.4172668017618815,-0.39932995366429147,-0.3814587720675091,-0.5698337811215094,-0.5513265347406094,-0.5329289891028486,-0.514633426484556,-0.49643212916206064,-0.4783173794116914,-0.4602814595097774,-0.4423166517326476,-0.424415238356631,-0.40656950165805655,-0.38877172391325343,-0.5756165193985587,-0.5573125981949497,-0.5391006701874435,-0.5209730176523688,-0.502921922866055,-0.48493966810483086,-0.4670185356450255,-0.4491508077629678,-0.4313287667349869,-0.4135446948374117,-0.3957908743465713,-0.5814463089842055,-0.563316266359871,-0.5452605093846027,-0.5272713203347297,-0.5093409814865809,-0.49146177511648537,-0.4736259835007722,-0.4558258889157702,-0.43805377363780845,-0.4203019199432161,-0.40256261010832195,-0.5873695366193089,-0.5693839259762323,-0.5514548934351856,-0.5335747212724977,-0.5157356917644975,-0.4979300871875142,-0.48015018981787666,-0.46238828193191395,-0.444636645805955,-0.4268875637163289,-0.40913331793936464,-0.5934325890447281,-0.5755619637848931,-0.5577302090800514,-0.5399296072065322,-0.5221524404406642,-0.5043909910587766,-0.4866375413371983,-0.4688843735522583,-0.4511237699802857,-0.43334801289760944,-0.41554938458055857,-0.5996818530013223,-0.5818967665267124,-0.5641328430600594,-0.5463823648776923,-0.52863761425594,-0.5108908734711317,-0.4931344247995962,-0.4753605505176625,-0.45756153290165974,-0.4397296542279169,-0.4218571967727629,-0.6061637152299507,-0.5884347209425496,-0.5707091821160688,-0.5529793810268373,-0.5352375999511844,-0.5174761211654387,-0.49968722694592954,-0.48186319956898577,-0.4639963213109364,-0.4460788744481104,-0.4281031412568369,-0.6129245624714728,-0.5952222137732637,-0.5775056129889387,-0.5597670423948264,-0.5419987842672562,-0.524193120882557,-0.5063423345170577,-0.4884387074470873,-0.47047452194897477,-0.4524420602990493,-0.4343336047736398,-0.6200107814667474,-0.6023056317597141,-0.5845685224195283,-0.566791735722519,-0.5489675539450151,-0.5310882593633456,-0.5131461342538397,-0.4951334608928262,-0.47704252155663424,-0.45886559852159275,-0.4405949740640308,-0.627468758956634,-0.60973136164276,-0.5919442971486969,-0.5740998477507739,-0.5561902957253199,-0.5382079233486639,-0.5201450128971349,-0.5019938466470619,-0.48374670687477395,-0.46539587585659997,-0.4469336358688691];
y = [0.090891798561586,0.08923109939113966,0.08696199502026086,0.08412133943396469,0.08074598661726626,0.0768727905551807,0.07253860523272315,0.06778028463490868,0.0626346827467524,0.057138653553269456,0.05132905103947496,0.08389349305924662,0.0811212527291498,0.077825164990653,0.07404208382877134,0.06980886322851991,0.06516235717491385,0.06013941965296827,0.05477690464769828,0.04911166614411898,0.04318055812724551,0.037020434582092976,0.07689201408626901,0.07314884717775155,0.06896639065286661,0.06438149849662927,0.05943102469405469,0.054151823230157964,0.048580748089954204,0.042754653258458536,0.03671039272068605,0.030484820461651893,0.024114790466371168,0.06966585380881476,0.06509237490310651,0.06016416417306324,0.05491807560370011,0.049390963180032194,0.043619680887074644,0.03764108270984255,0.03149202263335105,0.02520935464261522,0.018829932722650215,0.012390610858471136,0.06199350439304548,0.05673032807137625,0.051196977717404515,0.045430307316145405,0.03946717085261402,0.03334442231182548,0.0270989156787949,0.020767504938537396,0.014387044076068063,0.007994387076402052,0.0016263879245544607,0.05365345800512275,0.0478411988487224,0.041843323452052036,0.03569668580012679,0.02943813987796176,0.02310453967057208,0.016732739162972854,0.010359592340179196,0.004021953187206204,-0.0022433243109309733,-0.00839938616921724,0.04442420681120818,0.03820347940130654,0.03188169354316739,0.025495703221805853,0.01908236242223703,0.01267852512947604,0.006321045328538007,0.00004677700443803459,-0.006107425857808772,-0.012104709273187277,-0.017908219256682373,0.03408424297746335,0.02759566189529027,0.021090580156912175,0.014605851747344186,0.008178330651601402,0.001844870854698956,-0.004357673658348049,-0.010392448902524491,-0.016222600892815277,-0.021811275644205264,-0.027121619171679344,0.02241205867004985,0.015796238496835174,0.009248475459447975,0.0028056235429033786,-0.003495463267783522,-0.00961793098759759,-0.015524925631523717,-0.021179593214546794,-0.02654507975165172,-0.031584531257823345,-0.03626109374804658,0.009186146055129315,0.002583701372102884,-0.0038661283830635808,-0.010126489225354945,-0.01616052716975612,-0.021931388231251972,-0.02740221842482738,-0.032536163765467245,-0.03729637026815647,-0.041645983947879904,-0.04554815081962243,-0.005815002701136676,-0.01226345731274503,-0.018474739204460917,-0.02441199439126921,-0.030038368888154816,-0.035317008710102606,-0.040211059872097464,-0.04468366838912426,-0.04869798027616796,-0.05221714154821334,-0.05520429822024533];
z = [-0.15453649136125902,-0.1480481713063928,-0.14201732279009582,-0.13641623459422714,-0.13121719550064576,-0.12639249429121074,-0.12191441974778117,-0.11775526065221606,-0.11388730578637447,-0.11028284393211549,-0.10691416387129812,-0.1354002020779028,-0.1297476711387885,-0.12448903111271356,-0.11959657078153703,-0.11504257892711794,-0.11079934433131537,-0.10683915577598835,-0.10313430204299595,-0.09965707191419719,-0.09637975417145117,-0.0932746375966169,-0.11626629898798223,-0.11134382636420137,-0.10675166402793,-0.10246210076102716,-0.09844742534535192,-0.09467992656276332,-0.0911318931951204,-0.08777561402428223,-0.08458337783210784,-0.08152747340045632,-0.0785801895111867,-0.09730133807997202,-0.09300319297110612,-0.08897177752421986,-0.08517938052117227,-0.0815982907438224,-0.0782007969740293,-0.07495918799365203,-0.07184575258454963,-0.06883277952858115,-0.06589255760760566,-0.0629973756034822,-0.07867187534234683,-0.07489232694797747,-0.07131592759005786,-0.06791496605044704,-0.06466173111100408,-0.061528511553588024,-0.05848759616005793,-0.05551127371227284,-0.052571832992091796,-0.04964156278137388,-0.04669275186197813,-0.06054446676358147,-0.05717778428329015,-0.053950670213918715,-0.05083541333732622,-0.0478043024353717,-0.04482962628991422,-0.04188367368281284,-0.03893873339592659,-0.035967094211114534,-0.03294104491023573,-0.02983287427514923,-0.04308566833215059,-0.04002612096551886,-0.03704256138427714,-0.034107278370284495,-0.031192560705399962,-0.028270697171482603,-0.025313976550391463,-0.022294687623985607,-0.019185119174124063,-0.015957559982665903,-0.012584298831470185,-0.02646203603652891,-0.023603892983138305,-0.02075815708960784,-0.017897117137796584,-0.014993061909563565,-0.012018280186767864,-0.00894506075126851,-0.005745692384924568,-0.002392463869595081,0.0011423360128608936,0.004886418480584291,-0.010840125865191147,-0.008077656324623199,-0.005264013318385531,-0.0023714856283371874,0.000627637963662761,0.0037610686757552775,0.0070565177260813045,0.010541696332781791,0.014244315713997702,0.018192087087869943,0.022412721672539493,0.003613506193387968,0.006386033021551718,0.00927331394091506,0.01230306016961892,0.015502982925804293,0.018900793427612084,0.022524202893183243,0.026400922540658747,0.03055866358817952,0.03502513725388651,0.039828054755920675,0.01673230415073372,0.019620619066911746,0.022687268699819213,0.025959964267597085,0.029466416988386313,0.033234338080327844,0.037291438761562615,0.041665430250231575,0.04638402376447569,0.05147493052243589,0.05696586174225311];
