% surfB.m






width = 11;
height = 11;





x = [0,0,0,0,0,0,0.0014619119433005965,0.001496580185968795,0.0015083180098445924,0.001496580185968795,0.0014619119433005965,0,0,0,0,0,0,0,0,0,0,0.001496580185968795,0.0015807037024967677,0.0016436717795286502,0.0016826503324987537,0.0016958475226210034,0.0016826503324987537,0.0016436717795286502,0.0015807037024967677,0.001496580185968795,0,0,0,0,0,0,0.0014169336413248348,0.0015440867406670855,0.0016565632570709886,0.0017496795015879056,0.0018193788092209999,0.0018625241343224875,0.0018771320921573344,0.0018625241343224875,0.0018193788092209999,0.0017496795015879056,0.0016565632570709886,0.0015440867406670855,0.0014169336413248348,0,0,0,0,0.0015440867406670855,0.0016826503324987537,0.0018052202909996375,0.0019066926213233437,0.001982646620587071,0.0020296637302582676,0.0020455825801910855,0.0020296637302582676,0.001982646620587071,0.0019066926213233437,0.0018052202909996375,0.0016826503324987537,0.0015440867406670855,0,0,0,0.001496580185968795,0.0016565632570709886,0.0018052202909996375,0.0019367186610883278,0.0020455825801910855,0.0021270693264301786,0.0021775113218723084,0.002194589754837894,0.0021775113218723084,0.0021270693264301786,0.0020455825801910855,0.0019367186610883278,0.0018052202909996375,0.0016565632570709886,0.001496580185968795,0,0,0.0015807037024967677,0.0017496795015879056,0.0019066926213233437,0.0020455825801910855,0.002160565794326479,0.0022466329510964105,0.0022999103161880003,0.0023179487363639752,0.0022999103161880003,0.0022466329510964105,0.002160565794326479,0.0020455825801910855,0.0019066926213233437,0.0017496795015879056,0.0015807037024967677,0,0.0014619119433005965,0.0016436717795286502,0.0018193788092209999,0.001982646620587071,0.0021270693264301786,0.0022466329510964105,0.0023361286336228415,0.0023915283276644073,0.0024102853168102532,0.0023915283276644073,0.0023361286336228415,0.0022466329510964105,0.0021270693264301786,0.001982646620587071,0.0018193788092209999,0.0016436717795286502,0.0014619119433005965,0.001496580185968795,0.0016826503324987537,0.0018625241343224875,0.0020296637302582676,0.0021775113218723084,0.0022999103161880003,0.0023915283276644073,0.002448241787590149,0.002467443585915106,0.002448241787590149,0.0023915283276644073,0.0022999103161880003,0.0021775113218723084,0.0020296637302582676,0.0018625241343224875,0.0016826503324987537,0.001496580185968795,0.0015083180098445924,0.0016958475226210034,0.0018771320921573344,0.0020455825801910855,0.002194589754837894,0.0023179487363639752,0.0024102853168102532,0.002467443585915106,0.0024867959858108648,0.002467443585915106,0.0024102853168102532,0.0023179487363639752,0.002194589754837894,0.0020455825801910855,0.0018771320921573344,0.0016958475226210034,0.0015083180098445924,0.001496580185968795,0.0016826503324987537,0.0018625241343224875,0.0020296637302582676,0.0021775113218723084,0.0022999103161880003,0.0023915283276644073,0.002448241787590149,0.002467443585915106,0.002448241787590149,0.0023915283276644073,0.0022999103161880003,0.0021775113218723084,0.0020296637302582676,0.0018625241343224875,0.0016826503324987537,0.001496580185968795,0.0014619119433005965,0.0016436717795286502,0.0018193788092209999,0.001982646620587071,0.0021270693264301786,0.0022466329510964105,0.0023361286336228415,0.0023915283276644073,0.0024102853168102532,0.0023915283276644073,0.0023361286336228415,0.0022466329510964105,0.0021270693264301786,0.001982646620587071,0.0018193788092209999,0.0016436717795286502,0.0014619119433005965,0,0.0015807037024967677,0.0017496795015879056,0.0019066926213233437,0.0020455825801910855,0.002160565794326479,0.0022466329510964105,0.0022999103161880003,0.0023179487363639752,0.0022999103161880003,0.0022466329510964105,0.002160565794326479,0.0020455825801910855,0.0019066926213233437,0.0017496795015879056,0.0015807037024967677,0,0,0.001496580185968795,0.0016565632570709886,0.0018052202909996375,0.0019367186610883278,0.0020455825801910855,0.0021270693264301786,0.0021775113218723084,0.002194589754837894,0.0021775113218723084,0.0021270693264301786,0.0020455825801910855,0.0019367186610883278,0.0018052202909996375,0.0016565632570709886,0.001496580185968795,0,0,0,0.0015440867406670855,0.0016826503324987537,0.0018052202909996375,0.0019066926213233437,0.001982646620587071,0.0020296637302582676,0.0020455825801910855,0.0020296637302582676,0.001982646620587071,0.0019066926213233437,0.0018052202909996375,0.0016826503324987537,0.0015440867406670855,0,0,0,0,0.0014169336413248348,0.0015440867406670855,0.0016565632570709886,0.0017496795015879056,0.0018193788092209999,0.0018625241343224875,0.0018771320921573344,0.0018625241343224875,0.0018193788092209999,0.0017496795015879056,0.0016565632570709886,0.0015440867406670855,0.0014169336413248348,0,0,0,0,0,0,0.001496580185968795,0.0015807037024967677,0.0016436717795286502,0.0016826503324987537,0.0016958475226210034,0.0016826503324987537,0.0016436717795286502,0.0015807037024967677,0.001496580185968795,0,0,0,0,0,0,0,0,0,0,0.0014619119433005965,0.001496580185968795,0.0015083180098445924,0.001496580185968795,0.0014619119433005965,0,0,0,0,0,0];
