% surfC.m










hold off;




ox = -0.0002775091987153866;
oy = -0.001993831373138494;
oz = 0.006876112162456427;

countX = 11;
countY = 11;
x = [-0.0189164272878804,-0.015300521503804643,-0.011684615719728886,-0.00806870993565313,-0.004452804151577372,-0.0008368983675016151,0.0027790074165741398,0.006394913200649898,0.010010818984725656,0.013626724768801411,0.01724263055287717,-0.0189164272878804,-0.015300521503804643,-0.011684615719728886,-0.00806870993565313,-0.004452804151577372,-0.0008368983675016151,0.0027790074165741398,0.006394913200649898,0.010010818984725656,0.013626724768801411,0.01724263055287717,-0.0189164272878804,-0.015300521503804643,-0.011684615719728886,-0.00806870993565313,-0.004452804151577372,-0.0008368983675016151,0.0027790074165741398,0.006394913200649898,0.010010818984725656,0.013626724768801411,0.01724263055287717,-0.0189164272878804,-0.015300521503804643,-0.011684615719728886,-0.00806870993565313,-0.004452804151577372,-0.0008368983675016151,0.0027790074165741398,0.006394913200649898,0.010010818984725656,0.013626724768801411,0.01724263055287717,-0.0189164272878804,-0.015300521503804643,-0.011684615719728886,-0.00806870993565313,-0.004452804151577372,-0.0008368983675016151,0.0027790074165741398,0.006394913200649898,0.010010818984725656,0.013626724768801411,0.01724263055287717,-0.0189164272878804,-0.015300521503804643,-0.011684615719728886,-0.00806870993565313,-0.004452804151577372,-0.0008368983675016151,0.0027790074165741398,0.006394913200649898,0.010010818984725656,0.013626724768801411,0.01724263055287717,-0.0189164272878804,-0.015300521503804643,-0.011684615719728886,-0.00806870993565313,-0.004452804151577372,-0.0008368983675016151,0.0027790074165741398,0.006394913200649898,0.010010818984725656,0.013626724768801411,0.01724263055287717,-0.0189164272878804,-0.015300521503804643,-0.011684615719728886,-0.00806870993565313,-0.004452804151577372,-0.0008368983675016151,0.0027790074165741398,0.006394913200649898,0.010010818984725656,0.013626724768801411,0.01724263055287717,-0.0189164272878804,-0.015300521503804643,-0.011684615719728886,-0.00806870993565313,-0.004452804151577372,-0.0008368983675016151,0.0027790074165741398,0.006394913200649898,0.010010818984725656,0.013626724768801411,0.01724263055287717,-0.0189164272878804,-0.015300521503804643,-0.011684615719728886,-0.00806870993565313,-0.004452804151577372,-0.0008368983675016151,0.0027790074165741398,0.006394913200649898,0.010010818984725656,0.013626724768801411,0.01724263055287717,-0.0189164272878804,-0.015300521503804643,-0.011684615719728886,-0.00806870993565313,-0.004452804151577372,-0.0008368983675016151,0.0027790074165741398,0.006394913200649898,0.010010818984725656,0.013626724768801411,0.01724263055287717];
y = [-0.021543126662799145,-0.021543126662799145,-0.021543126662799145,-0.021543126662799145,-0.021543126662799145,-0.021543126662799145,-0.021543126662799145,-0.021543126662799145,-0.021543126662799145,-0.021543126662799145,-0.021543126662799145,-0.01739928829300698,-0.01739928829300698,-0.01739928829300698,-0.01739928829300698,-0.01739928829300698,-0.01739928829300698,-0.01739928829300698,-0.01739928829300698,-0.01739928829300698,-0.01739928829300698,-0.01739928829300698,-0.013255449923214813,-0.013255449923214813,-0.013255449923214813,-0.013255449923214813,-0.013255449923214813,-0.013255449923214813,-0.013255449923214813,-0.013255449923214813,-0.013255449923214813,-0.013255449923214813,-0.013255449923214813,-0.009111611553422647,-0.009111611553422647,-0.009111611553422647,-0.009111611553422647,-0.009111611553422647,-0.009111611553422647,-0.009111611553422647,-0.009111611553422647,-0.009111611553422647,-0.009111611553422647,-0.009111611553422647,-0.004967773183630481,-0.004967773183630481,-0.004967773183630481,-0.004967773183630481,-0.004967773183630481,-0.004967773183630481,-0.004967773183630481,-0.004967773183630481,-0.004967773183630481,-0.004967773183630481,-0.004967773183630481,-0.0008239348138383146,-0.0008239348138383146,-0.0008239348138383146,-0.0008239348138383146,-0.0008239348138383146,-0.0008239348138383146,-0.0008239348138383146,-0.0008239348138383146,-0.0008239348138383146,-0.0008239348138383146,-0.0008239348138383146,0.0033199035559538514,0.0033199035559538514,0.0033199035559538514,0.0033199035559538514,0.0033199035559538514,0.0033199035559538514,0.0033199035559538514,0.0033199035559538514,0.0033199035559538514,0.0033199035559538514,0.0033199035559538514,0.007463741925746014,0.007463741925746014,0.007463741925746014,0.007463741925746014,0.007463741925746014,0.007463741925746014,0.007463741925746014,0.007463741925746014,0.007463741925746014,0.007463741925746014,0.007463741925746014,0.011607580295538183,0.011607580295538183,0.011607580295538183,0.011607580295538183,0.011607580295538183,0.011607580295538183,0.011607580295538183,0.011607580295538183,0.011607580295538183,0.011607580295538183,0.011607580295538183,0.01575141866533035,0.01575141866533035,0.01575141866533035,0.01575141866533035,0.01575141866533035,0.01575141866533035,0.01575141866533035,0.01575141866533035,0.01575141866533035,0.01575141866533035,0.01575141866533035,0.019895257035122516,0.019895257035122516,0.019895257035122516,0.019895257035122516,0.019895257035122516,0.019895257035122516,0.019895257035122516,0.019895257035122516,0.019895257035122516,0.019895257035122516,0.019895257035122516];
