% t.m

x = [169.55440671145482,8.98132763709494,5.383255019966413,10.610624846551438,106.62172853631074,2.10065891140978,4.28382882780838,4.76813424295866,110.67404508557837,8.593021923063421,160.50757411839686,4.528250865096074,5.429363656866586,122.68902300831249,4.334425891901751,11.588341668418431,5.99114674651989,228.599008486073,246.99680675714274,186.50912637619265,2.367385785258054,5.362344749989593,199.57185328798317,1.9512098289790403,8.66664355475822,9.908300685492907,229.26593167816247,9.182468976588247,146.4436674873526,137.93374317243274,5.288664046498003,202.27001448603346,6.861769059942361,11.177754586213409,2.7612220537649477,2.469040455645418,138.45145736298582,9.27413715002287,0.7557407437470638,10.085488987374923,6.818806167250511,4.704899164999021,246.132114347176,9.439041131605066,173.96160678973825,5.539615605285432,4.005667503941472,4.116508932305797,1.8775227812058755,79.85096778115766,4.291472217409067,5.532195325783391,3.311860418906833,10.673701763719151,55.31953789635839,3.905587840327046,4.437090411133742,3.8295647535696062,3.9923278287970443,82.2656919756613,192.72771574941635,8.819971831534577,6.710282887932091,161.64558119437277,8.37916886094218,199.4910171529679,2.636012501495195,82.89196945646643,5.89830036532337,8.279678770619507,117.65359028047229,72.44449107107141,1.6399921488827771,8.931650502107562,1.6547732835239792,7.406094788461069,2.9098521435156854,8.539088171249993,4.512303785442548,5.935196950784981,118.15619070813051,5.773344608476263,6.155676425033332,5.509666579429792,2.9112195338228766,5.007885340214292,205.72224961537782,7.297374158202729,5.487125274008402,5.286827942638554,155.92978023423206,207.23382228695823,11.116720135152093,3.9191775491953,8.898919776121062,160.1638741536544,183.36224866548366,7.7059256561750065,4.315368406570356,4.221025564899712,2.3605432291074457,1.0270069863657834,1.9975561071742671,8.071143032194737,2.448964140993266,195.0607581327774,4.807582574194284,2.3644742090926325,184.60838732143972,7.023214184679695,5.3070030710342095,200.88900320911748,205.3449395118509,3.2095890765251402,3.6380507168436123,3.9933334286034605,24.164905321834475,1.802423132012704,147.85042512318336,189.97475194941148,5.008225106183914,7.50620065888565,169.54275696960883,5.718495285343624,4.0825858619245405,8.088462746895615,208.8001420877759,4.595500799951696,191.28347733176597,207.40853127747272,2.0367184518526513,13.178732123532885,19.602452050644075,5.648421012002369,4.993414823289033,4.65404954183531,134.3830906471082,187.9786360835846,184.69630180715995,4.896751055061415,6.256713951060929,8.652958119084342,253.5965442898367,6.5597649391279695,4.947493967939581,3.1710810300916514,170.72551801816996,165.3152173368365,186.99609769449125,163.57112352207818,6.607546101916782,119.36744305295083,153.30902002646656,252.10247644259232,5.749181616391619,9.425015812623855,204.39433326443748,2.1265474867893452,9.623636590071175,9.333146615164063,3.8975830224413737,9.653104667136361,4.027727028502715,5.275699591723533,1.546695849226601,8.730475839403665,237.69005621280627,3.605597681459919,8.229122621041848,156.35993640495664,8.586208045680689,4.54412200158272,182.09063769588175,2.9581631057287723,9.716480237061141,158.03155134452652,5.05811679092346,4.592925529983275,169.7297343838917,8.025832286308665,9.835248009882328,6.3376903696448075,7.808871478075156,4.946885543028015,3.1778532986682997,4.103277779519758,2.2947024399560334,5.909818531253615,43.88173598049792,163.9354800777531,8.681677370446293,10.238445888262913,12.494144442802568,10.044169150076122,4.628974038500026,170.98654074011478,6.607751658013826,16.446094844574716,186.5711107190383,216.47615504959072,174.20670992531674,11.936788410236707,106.95909143961957,198.4368909836013,234.5170258166693,116.90957875904881,164.68922557663166,178.2381081949432,186.93049055183002,3.779296110090733,161.0306221285274,9.525934524600203,128.22645699611996,6.989231078360957,220.76962119530228,65.9186306541532,71.80339689478534,208.7647191152244,187.38684625591998,43.05911877330908,4.714003998594315,224.67243920323187,4.445179928854069,3.8067985095888073,141.43295965684237,193.70654756834404,117.86239671282706,220.0004781804954,10.649298347091387,2.5507413492850692,188.0790384567036,149.62639520700628,5.230583371441626,3.4623453123221406,7.1159402461555885,1.6410766384600723,194.21603727391005,181.497023816877,192.31064476453557,165.60411221448027,7.784665821978194,9.421429442767643,173.57370671290363,155.1518527175947,187.8061483150971,7.47416346654725,1.7553694358959762,4.259319337399903,9.894380572928512,199.87420910711523,193.44123747345157,5.632223450319072,7.2486819868882675,2.5171817387904163,164.18389453377898,200.56248358229684,7.765195328367394,7.439202850155944,10.217483350658643,5.891314889025835,221.56189179537745,103.08790847754106,12.869979269104833,217.72223749026892,217.82807641091048,13.37718577460122,206.0272603626771,149.9062568127727,13.837430304895054,108.59659970077776,184.10747497311453,8.241248006058216,8.032621678242409,189.47960816368848,204.5587269503655,82.84668457278354,195.2351651352691,191.63407178548846,194.83068801668952,174.26563938233932,5.811025890243274,123.34751771731817,10.525384636702977,5.3676058381698715,10.319958470319289,6.5240521308121515,7.120798819693875,100.97053214188426,10.817148228902202,4.2052858833712925,10.966513327989322,6.296328684033999,171.07066058196193,144.8048715933952,9.341804162118493,6.1531312981301,6.627124251340609,4.89082326733566,185.51019984219576,6.248203631013331,6.658173174687006,166.77643010560496,7.836254377107867,4.20643242879073,151.93397547150443,98.5850469811615,12.16316568181559,43.41530465954067,177.87385602116274,4.372644005271101];


