% t.m



x = [0.23309968539872022,0.5366094437855342,0.24617200948070755,0.5587026982507388,0.4890677635505377,0.5603860018463374,0.30238114576029784,0.44051218317157115,0.945136596331074,0.5999425066572893,0.549549379459189,0.5565095835232231,0.8219263187925708,0.6228026076514418,0.5611991476992774,0.4450584336675438,0.6393203208904277,0.5676036626960469,0.38049809853303035,0.43278849279656917,0.22316612906368324,0.4554379850728606,0.1827470388280291,0.3497629910168144,0.48109058656825576,0.5049875046039953,0.5993809231308532,0.46162194535388124,0.3331873572392877,0.43338754708737254,0.49822156187807115,0.5594293600590728,0.5084107608574553,0.5978271417553723,0.5005517013024893,0.43514594638495013,0.9621037104355876,0.5823609168834584,0.4746260681855922,0.6069571298427197,0.41273067253153634,0.3192687963385783,0.29993687209313363,0.741552581362765,0.3172762970192529,0.34325463766999664,0.5067664351564102,0.642587588236602,0.4245560264261369,0.25809723894209413,0.5693685264098326,0.40748369070266316,0.6169820429575683,0.34610104889942234,0.4164411480525442,0.7064405572424464,0.5618945252859451,0.5090179209711562,0.330341589821729,0.3863387902897699,0.23198855552649184,0.6568497607016597,0.5789355411738448,0.5353716776653986,0.6999463672606953,0.4708846645158392,0.5884756519888148,0.45199136938901197,0.5358548905058932,0.6391489324042242,0.42313558546816904,0.46379077575262884,0.3653297251947242,0.35337237004377703,0.727877430792417,0.573123835754282,0.6054707341155299,0.5684471708707783,0.6686543110587571,0.6061022478070293,0.4193791211110932,0.46968069050695066,0.762724232811915,0.49964223995243756,0.4727489309813507,0.40125612397691496,0.7198655662109394,0.8584545458945537,0.6425314051277773,0.6801870477292818,0.7100851930069448,0.6753789196597828,0.5179186641771617,0.44580212328802377,0.6049219954680934,0.5524214944387941,0.6305866828251931,0.656404660440456,0.7545915122411196,0.667556536981173,0.791967197696476,0.8049300027934619,0.7311252342088579,0.49806431554112157,0.6644312761327643,0.6309484985618182,0.6108214567527689,0.7692901124779635,0.7327549803765447,0.9668610339065984,0.9609344612613123,0.5534950120210221,0.556963165089648,0.7520825836764986,0.5365367067649984,0.8939856261278916,0.37627600815416634,0.6372378863576943,0.6344756254957259,0.7502207542177267,1.0197166000111348,0.6124739419762021,0.7166106121825482,0.6596896970632172,0.5638996466217185,0.8406062831590222,0.8271810278353111,0.8453372464187394,0.8318379297428886,0.7106452311027451,0.7029812212231866,0.6570911096452179,0.39065036463499775,0.9008027619163401,0.7926896460565359,0.8437418588565531,0.5659955158990436,0.698433551278658,0.6225796204811237];




x = [18.531596816931273,12.256371794452361,5.433680612576147,5.541051920518145,1.2089852836666741,0.6913712166432161,0.6842245004053515,11.038385338387611,0.11371399538009094,17.022424930094676,5.711148250692254,0.3329356525126938,1.9304953183211058,11.510399232581966,7.006052989409142,18.01246488830897,3.207943835130826,5.397391185814897,1.0242520526565762,0.6822268642596112,1.3793741702582096,5.157243657773642,2.218427819374059,22.299057767743296,14.309808319731918,0.4657947542432097,3.5563654383683825,4.685751568869089,10.099971994793716,1.9291768486807674,4.599290032709699,5.223581382414722,3.801290974940058,2.0051451150703805,18.095784023160586,1.3188402636006231,0.6373723814721266,1.3986390879215496,3.6693750454718703,3.4234925717368685,11.287561075765337,2.661832913404067,2.5449925241736935,13.17536176285546,10.69583490493255,10.517466532384645,15.328880008237157,3.2370539230213518,8.454844028520187,10.168932401930611,0.12713174238790764,1.190451945020665,7.374805656319298,3.180224523045399,0.9811339433128003,8.256259125631495,2.696736323950779,3.6726482834279564,4.888050736137024,22.177190404789187,4.5195457044297775,20.37787488754145,2.2496946137240714,2.242513770923288,3.429783067357074,20.096332097525192,10.95954171883175,2.2382134643962153,7.384789526292864,2.680406501903116,1.8537101073296252,0.9716275325111923,5.7609369876794805,2.1233015171173824,2.1247169461243254,4.519223665850612,0.026796781602525233,6.486446158814352,3.550059686650717,3.495880568567237,19.743751119842717,23.651400568366878,9.45800941313955,8.008334573872105,0.8322291168148938,6.298488186647158,3.334144725286837,5.418022759220104,2.028940463249924,9.697793207128747,0.38027387495071907,1.4217094843744857,11.300662167140462,1.3326175255403847,3.3534910238961646,15.711693012077285,2.4012264616057735,12.624299728919958,0.7725113830451243,15.877171092003255,17.970145087981344,3.2358118744788062,10.13166468516233,8.415251299217335,2.1681440151369227,1.8184260565478398,6.5085024928032045,21.184130150077223,25.181838566876753,1.1944718660455038,14.66690960485191,11.543405749489454,8.826484701500505,3.494390607368519,3.9852336755825224,13.898839785089985,0.43736994071043045,2.215473390805241,2.798517352491201,3.3179454558831654,12.44705333004298,4.386145201549214,0.14589877451973463,5.168538138556587,1.919676724135109,10.032955590278574,2.1675525930812913,1.4543119183304856,1.0198816104878397,14.585721405995038,14.602259434069314,9.777938754141811,3.3465118129418503,2.6562378468403347,16.169328986585,1.0307260424108275,8.567575756597755,9.675260894124426,0.23118729446160796,7.055103703942255,12.39003790767666,1.4645059541496046,3.7636365105778777,17.07640846727095,7.36780063138891,5.094077794605169,7.544274201096232,2.0192300286746026,12.516031822881724];


