% u2.m

x = [0.8294148884499828,0.5188073032358039,0.7063419709052293,0.35168200740592526,0.1703663681214556,0.4551860051185673,1.0586019747014435,0.5389062906329116,1.3024767287579522,0.7750296590089027,0.799641089369777,1.050222279964751,0.7533015403777129,0.02561397100769227,0.65227120860943,1.3161671092308742,0.2219440165536103,1.9074931842034841,2.5437878960571894,1.2315561753915278,0.6029161838392574,0.7468769961389704,2.3106452511777515,0.15464480221330495,1.7573047956497714,0.47740456100197726,0.7712372540236576,0.8412928018594514,1.0525405978499902,1.6659921159965774,0.661155009369675,0.38731680820424713,167.27361481563182,0.45619248091495923,0.5781956730177147,2.032421685962527,1.080908097538261,1.2300115512227336,0.9165435012851573,0.5013200642797999,0.48143859245269693,0.7837924046747281,56.49023366674733,0.5612003637787669,1.1848177283850632,1.725724918864088,0.9948013912712645,0.8496495281628966,1.3134699132533258,1.0055551242744376,0.8281405574589378,90.8235290776671,0.6837354020759823,0.606201513473831,0.3270840462212216,0.5674752607813359,0.7619593421475277,0.6363728455896289,0.6641828186001304,1.1391889610009067,0.5900499950810202,2.450593143202041,1.1894202691659914,0.3028459113130546,1.6683649555602507,1.3184368895238778,0.7168378130748609,1.045749940863112,0.25514931554855536,0.8400224619194282,1.1827665941508996,1.7882481029695525,1.028156439651547,0.36864875152671633,1.6451319757708576,1.7872087025368644,0.9039530667010067,197.836943508702,0.46682363445615493,0.8697938880263776,0.9839182729693501,0.6995964416698509,0.5347879889739249,0.869168505046445,0.608840897706201,0.7218188687631316,0.7606205108850097,1.9565009210932187,0.34223440252565474,0.7413376237855336,0.3037866532553948,0.9780678892528372,1.2897327552704776,0.07168478398198928,0.8819151266125712,0.7977069538439738,139.35143333671732,181.25089385360235,0.1303433791225311,1.1075162369238734,120.67327181715652,1.6714270633949304,2.000460023228593,0.7423416727522909,1.0918735691147323,181.30700238988385,0.8588584897281071,121.82346635377866,59.248405549818806,0.817102633597605,1.01943860309852,0.36475234179407034,0.7226462957197977,0.5028875853453458,1.1112946364749834,1.258843539765064,1.4594825165354128,1.057418545192281,3.0666297070338766,2.894982704180065,1.7103155751814518,2.3103693152910303,0.7590704926757561,153.15350030799115,0.9930107982611553,0.4755320055112415,0.7371517832599439,0.3836635444619294,124.2956369818902,2.1240700459376436,95.32597429928981,176.88276974869174,0.6290007445530154,64.63864335948492,1.0475281783652546,192.03636957198754,2.2552367670427564,0.9941102967052906,1.5050375543353922,0.897259437421642,2.2899019733290045,0.694039928580128,0.14086934658917108,0.9673470614844186,1.2115162718517718,1.27586605420072,1.03501001467128,0.8459932068805514,177.58450638245407,3.6375180065702066,186.70733725141153,0.4953827183408308,0.8693807436823724,1.3506187153759863,0.6908378611540555,0.056247105661060004,0.5742307151926311,1.1115355748228803,1.6786610060142395,1.9921925791177837,1.8400825590187964,0.9595876272240589,1.351928193014563,2.7712552209722308,0.9672525956920754,0.2113803008003206,120.60117147588508,1.5517973788700035,0.24627340921283475,0.9547991053677927,193.2324215418559,1.4839734324054568,1.0553416088605716,1.0815153037677758,1.386584241961803,0.6368752974916783,1.4379075095845297,0.8923594690322318,0.9704436310790245,0.7631575511267314,0.8518066014253298,0.33458733653220135,203.31981843747678,101.85792833284246,0.6570410086145003,0.8685346285241353,0.9216193760872118,0.6605683692768094,1.0566002563612187,1.2788770298480243,1.295380656664769,0.2310376645227238,31.29191957358413,0.6250753063419194,1.9279342697281519,1.6370055137845585,0.741224366762613,0.7547080673683342,0.4429900148565217,1.5564302456845434,152.6001874390853,1.1580875517757716,0.4837748480298982,0.7830108597144205,0.9121444910483959,2.9010446036879336,1.2640243841637124,0.7109554100841315,0.695519183449954,1.3796423990305868,0.6102377458200116,121.0005890265908,0.8066598874545889,0.4761445947923043,0.6170753219759213,2.9096118178052928,0.8767700057645487,0.9065186815110848,0.5905227664564869,0.7092528350993091,1.7769680815228586,145.557164146834,0.6024879004696824,1.093720907816917,0.8110371001916135,0.4719103854953486,0.45005705404233926,213.56802043620672,157.12672104396705,212.97290698743566,166.4275447860017,0.5568548307953154,0.8357237538718523,0.7629193553662714,1.100340258094219,0.3301586177343575,1.7154383180965644,1.3078433936669511,0.7678065543617533,0.4015877522740835,1.0189272541778427,1.378165259297658,71.46817365148706,1.0196669411866681,0.9399139498633495,0.9645635910687265,0.5482115168702213,0.9668544415358323,233.19669719786998,0.8371693267010885,111.3793163038658,0.48205014828285797,0.431204394808389,188.99851631088666,184.84985293723395,1.9010251409023107,175.1723915524683,168.1665982566813,1.2663975873161493,94.44762265151886,2.4025583230334195,44.8235261088323,0.8717516011648084,142.8139087618096,0.3399888725317215,1.7844740295877108,1.729618115447856,0.754595315972908,0.5777849823630368,96.2639401847085,111.76514367158516,0.5400622982832765,0.9387647058659265,1.308432094789125,0.6994555761988868,1.4213323861176337,0.8362169268249218,8.571527629618615,0.6112008220525742,139.92283945957746,58.435266546055985,90.16403619446781,3.248844646443412,1.236813046409539,174.05493969407965,1.255338234593673,0.3073946416150637,0.0630499319491694,1.8594818402626583,0.5118693750248793,1.7054215789941267,0.35985354435688255,130.13366029248044,1.1648519337332226,111.51355892404716,1.2897421680635435,1.5995135665882585,0.9468465061846698,0.5972871808298309,0.43464545206911503,1.4382177056011205,167.8293127363487,0.6926081227270635,3.1614755641182866,0.33074069554017693,1.2664860283638577,1.6862011026017916,120.0049731401785,82.70390247509674,0.6179538866263232,1.1138436544374413,0.9065895585257228,18.632992662596177,0.5531293425346788,2.2527608891705335,1.0377606625690792,186.0792259673209,1.3505689949982997,0.9559475218928012,0.8224224487033377,212.76080060979618,1.3234650480330765,1.4916341197565979,0.8969440601085567,0.8061882548776276,0.462322792217301,0.488274112620005,173.68850612854783,1.0338338459003658,0.3240740614418751,1.5915836381124353,1.0870991196857585,2.440131239731473,0.6748600734424223,1.8675005053371165,1.0322883448066307,1.8145845994050003,221.1519599118788,0.5218021031040543,1.6720519981747024,1.1462373498971374,0.3416151458427219,5.420150779559397,0.8192393167112622,1.134411339809984,145.99431441004674,1.0862543775147047,0.7886734761811199,103.31183542227872,1.4381166293377774,3.1989397348265953,0.8321389002941828,0.9098893830495252,1.022304780867647,0.40780439642462696,0.8179739051212155,0.951957942588892,1.1820361691022954,1.5388573742100071,1.333570699674794,1.1721249378610064,1.2922618150080223,0.7461880129082219,0.24673269199821435,213.98012118731594,1.670005305296062,0.6281033582113072,1.1708860092069748,1.3319959020516527,0.37379848692631573,0.9715646575579645,151.6844135326793,1.3106101079444348,1.581171445745034,1.6808577847383341,1.2203432419961568,1.5954845363534145,2.233048538038909,3.124227954955774,1.480433198359689,1.0769835032911708,0.5365430119560479,1.3413511279116361,0.4549229843619965,1.2240598468961563,0.23192906978434102,3.32555636677968,0.8842800378722246,0.6752205399656033,19.52677465192172,112.53464683638578,0.7876871024698389,27.22020499134193,1.3761878903798346,0.5089624852972232,0.6834947204627065,0.6583901714833555,1.202385248500924,134.52258469220126,3.281272011121206,79.2137004380837,1.837739604988293,1.5252350145673716,0.27493213204459727,0.48053972041642046,47.26984975926783,110.67946370491313,1.9894586079865926,1.5185253945260995,1.1406147077198991,2.163760826650404,2.0632955473647687,2.1665844276666726,1.8362612766035804,0.5734889565623948,0.70162022945638,1.2675806972231491,3.203126202200588,1.8751931765105034,1.082562243504042,154.26689836666333,1.095355500077639,0.6361166804129816,1.376646356544776,