% u2.m


x = [0.0731499725235138,0.16996593856957823,0.08286782534525955,0.039242431997150336,0.11666528495855998,0.04247310648713352,0.1773862704742926,0.02861967619709847,0.11973198120259805,0.2901121018974798,0.1162830727311168,0.04846476764981182,0.10027026186069102,0.11960462591296546,0.30974645713915056,0.07859056028173064,0.052213284846921684,0.2747182887815983,0.1615553098823373,0.0713990285277092,0.08401161394225976,0.09528547673461892,0.07346818021726427,0.04591665639408707,0.3075088336230878,0.10571782779800755,0.09110758014472803,0.3553137953319817,0.07156234627912555,0.17783615872512154,0.18751512859943653,0.14759249835724658,0.09790047226920351,0.07825007373532482,0.3136128241649238,0.15383091091986636,0.05922963897595745,0.058754680426636,0.23305546004818756,0.10380470720288046,0.12429224682274359,0.065603693381194,0.21637776041605167,0.07134935187561535,0.0981954320261106,0.08637930764988502,0.12780902162300722,0.2342464126155393,0.1725975459219611,0.05409310683677982,0.12649831146268742,0.2679807357974823,0.07882388839729507,0.22811900676807745,0.12308434362561463,0.23653724598804649,0.12344111200137112,0.13916576490578655,0.26559889631673966,0.18298265988053822,0.28826515956889776,0.09702294037252245,0.18386636428757994,0.14345595349779067,0.05327214495973114,0.269532171077873,0.3662280649829402,0.10564089175547352,0.06312183620215087,0.18308080192299608,0.08285171809080445,0.2300342615079007,0.0854725868083547,0.2196195530827758,0.3433532578198227,0.07073723006360925,0.1728531357058949,0.26615059949340913,0.10359732109326812,0.18003018247662642,0.07617955396604896,0.13097054379038023,0.15893049632259873,0.10663601944789583,0.27711803421345926,0.10998470297305896,0.10024672230984663,0.26521254718084214,0.26149350448391806,0.24845291497540098,0.1589537744485022,0.3387788180797212,0.32172863062952856,0.12667409460143023,0.16689349231283845,0.22335782393215114,0.08780601505656546,0.09710385207109265,0.204034541744637,0.055181292093294546,0.21261148659337148,0.09812625902577327,0.1769605666139063,0.23717804162313785,0.15406116565254263,0.2684549852788871,0.3528042932308091,0.33138349500511294,0.07598138636129453,0.15973918815353913,0.22716976280513076,0.24151494615380895,0.19289884052824766,0.12369848684550014,0.13607896315458284,0.19943549946442213,0.25546620586498814,0.07052296437514624,0.25303337993184105,0.3318414197867704,0.1528151280141615,0.20567739864472684,0.06640766919182292,0.3128322641875704,0.21594668236159698,0.13885048307418482,0.20152021045570914,0.19251765681379593,0.35113863432249454,0.2732386481183454,0.15164261214297597,0.21983295435646674,0.08113969266563868,0.10928275378737172,0.20407288793739575,0.1418302448892027,0.24081325480573929,0.19161871143373463,0.02927650570160154,0.09748616927802967,0.11821889340887876,0.17075671201957843,0.1064962988116741,0.11809134774590746,0.25228714845884803,0.20368039109817035,0.28183422493010657,0.09462282342378753,0.357514037039163,0.16484125183306322,0.266492724576666,0.18457399094441712,0.24300231398879527,0.05339242996425127,0.08064427907589863,0.06616596014245048,0.16906783489654495,0.13927819971149397,0.2994725261036604,0.09110908055941903,0.12761400983519353,0.17050596934818468,0.14120935406276108,0.21044722468298493,0.17852242698880008,0.20573712394440946,0.24721379383065026,0.21792152629061562,0.3110564572120045,0.21243832604726592,0.20447009474405822,0.15171968211454173,0.15607808636445142,0.1046353218602776,0.13987196978786093,0.18405147689196238,0.14771130629109583,0.1737756630095805,0.10857219971669238,0.19450298232909738,0.16432032624416576,0.23337386502104776,0.21094873360049765,0.27972639149005407,0.06937591034783921,0.2923005003774019,0.15897176514024777,0.0781198255516917,0.15246516015028266,0.20434257259346356,0.37373029677483915,0.30091537489086356,0.3647808686689238,0.23488550253213514,0.13713835911167482,0.2130972830966437,0.17100604591602314,0.10666513346688052,0.23158598015432122,0.20903711678374315,0.13659250565566516,0.24511286327360438,0.2985923769711485,0.1047193891712775,0.21081637847328644,0.07193643623271034,0.2009372635417194,0.16840057565242372,0.3059826730030971,0.07406655778052396,0.21474675615636626,0.1798997897648214,0.09065906501404565,0.17674322411569945,0.23171154194897942,0.09302684152371898,0.2507999863284007,0.11788006824278062,0.19128127065940204,0.16189284252719735,0.1344441930542785,0.33378306302248123,0.21502042407193014,0.14278534449617047,0.1443802825216785,0.2044911355675659,0.28430088107981605,0.17569473507299008,0.10401259487750009,0.24553391025745427,0.1845916211354346,0.311430575779635,0.3625995475041731,0.13487811817423995,0.37171284501716606,0.330760463134738,0.2950381547289664,0.3001927459057834,0.14521315747009225,0.20263340149804704,0.27268492897496727,0.14942067830790703,0.14150563619552736,0.19832391758053952,0.19152894770707046,0.29116439396886307,0.2275361464973043,0.10390199961224837,0.2508757916674929,0.19667804326339028,0.33066557426477045,0.31438350564822537,0.22918117820286346,0.2453669077758948,0.19588322455939106,0.12915362926188256,0.16469783360299797,0.2920601902548128,0.2581835659769194,0.25597629703838437];


