% dists.m

scores = [0.0002529388870358187,0.0011415391815828206,0.00008795328192974363,0.00043434587230309634,0.00018291307806888715,0.00007408632457802011,0.000028618339317369188,0.00009153868784742076,0.0008965734522635738,0.000041225960400661883,0.001553618242104625,0.00003942804913106009,0.000014346050900418301,0.0006539046216912801,0.002975813162496216,0.000020693714678223448,0.00004609244513999751,0.0007570909512808533,0.0011475814464805977,0.00011228008209593198,0.003617393687929428,0.00018316401084653643,0.000027673397676643607,0.00019238919180596342,0.0005917976464573302,0.001312020490442079,0.0007914439405733175,0.0001506822258280234,0.0011399737316171688,0.0005250265639644434,0.0002572540017159556,0.00032348594130351884,0.000013872552736853905,0.0007158387402808406,0.0018020502338678113,0.0001415861363888262,0.0006334780640415519,0.00031110285941551093,0.0003796712171962226,0.00018390743878658253,0.0004634677926311813,0.0018437845627886915,0.0009460910941601153,0.0006546253338715232,0.0013362277393262503,0.0001741924011206825,0.00039762030114972284,0.00023127375102841095,0.0005318985174096618,0.00013001730207375724,0.0006234295713447332,0.0004085245927299902,0.00024938158172422995,0.00034219681606910933,0.0017621074392612267,0.0017432945819642032,0.000012165331329199994,0.0017436835236171342,0.00014932024237270083,0.0005399024358233284,0.0006699812867515289,0.00001668018959856158,0.000006604056646187788,0.0000063611635891528735,0.000014363247679236452,0.000031413428025845906,0.000020119719143750322,0.000041308812506188156,0.000012500906340795931,0.00001800968710516781,0.000016579492195613495,0.000017424241939193297,0.000020912378773136444,0.000057702082757247206,0.000043244697270047664,0.000015133586818673473,0.000019109304556612903,0.00005446912422573558,0.000009943551426165468,0.000004878303069041918,0.000009786637891207179,0.00001304889194784497,0.000015399033740878824,0.000027164108479109396,0.000016856204417639218,0.000014443693484320042,0.00002484827338923469,0.000015024606336245878,0.000029371925919589225,0.000021369191463508525,0.000012413056889613474,0.000020540702419008304,0.000026680663917291507,0.000025292552604758523,0.000034034939252067385,0.000024014803563764714,0.000024021292919939646,0.000016812942850616748,0.000023545186548636563,0.000010303431688890017,0.000021430497307231768,0.00001781832566437411,0.00002049807931559329,0.00002742180579887912,0.000025587384871925085,0.000058792343304625886,0.00004520331012803337,0.0000763482528114128,0.00006360982186520811,0.00006867194736747372,0.00003309230545272587,0.000021215369248244203,0.00026901694803851484,0.00005545213524727431,0.00003525876078369225,0.000024680169755153796,0.000034415009663683646,0.000030490188319730525,0.000015993714759786183,0.000016118522915814996,0.000020044182718870985,0.000021102225084400163,0.000012689329550943236,0.0000249737308911154,0.000021785865076314506,0.000010218322498785641,0.000009187930786815446,0.00002450629663222807,0.000010677311156270081,0.00002452262572675205,0.000021011007987856842,0.00003308238983015646,0.000025953000656058582,0.00005159054589483457,0.000025842478839555715,0.00002247415752069896,0.000028596566062586706,0.000031180258909964706,0.00017386068565909414,0.00014434364687373075,0.00019234860611446885,0.000054347634152518386,0.00006938461116432545,0.00005229592100400224,0.000012590264363679635,0.000039450868209687056,0.0002444271322569918,0.00009022028906584681,0.000059022864426145944,0.00019051263240613817,0.00022247957546736946,0.00023307213591552454,0.00013933467978178828,0.00011627558192208018,0.00019248294533560486,0.00008794410204947595,0.00004232127791442466,0.0005649898512007448,0.00009884881316077148,0.0023695772686351236,0.00281959997368737,0.000028235922426441148,0.0006377814783450989,0.0038218645153333037,0.0014591059084463637,0.0025971761342849353,0.00003586040521834451,0.0011430944405196534,0.00028687341992799157,0.0007453804321782592,0.00044577898552704677,0.0010750956915625742,0.0008495008852842642,0.00038107763455823317,0.0017305780031442162,0.0016832277996147926,0.0006586622462233743,0.0009040421322989991,0.00025339441601078777,0.000652900001923522,0.0017024044665922401,0.00012354172424519503,0.000615464784079277,0.00016370973518197782,0.0009874580573642768,0.00043292864418718944,0.0002729423687460427,0.0000599883687489917,0.000020602467848967226,0.0000259938410498787,0.00003585960533360885,0.000039026886800972914,0.000025893979631853757,0.00002817383674635008,0.000044368863796905456,0.00002774233807631011,0.000025683063501834038,0.0000388980856510839,0.00011587543372483362,0.00009590325853834059,0.00010485907608592507,0.00006456464924380152,0.000028011453346654785,0.000056453926221058,0.000021548335237173332,0.00004238015191309883,0.00002240110961684602,0.000015717939326308236,0.00008570984651754403,0.00008961438536644526,0.00006949562626728088,0.00004174153344940702,0.0005051585825342792,0.0003948490590282654,0.00013624901606197788,0.000222992826181529,0.00017570314569622777,0.000253820603934828,0.0026503335897517678,0.0005572505644466913,0.0006437526013094529,0.000428627938533013,0.0004772085199282565,0.0006455698185285043,0.0013878928020991453,0.0009078905296313012,0.0008645545413186926,0.00010687558533472284,0.0010589684185149308,0.00046207645707531733,0.00003573939800930058,0.000015019191498880107,0.0006453821277118883,0.002567932595446728,0.0001697394198257026,0.00045947663903765445,0.0009230104930511372,0.0004547757169781217,0.0005139438849229727,0.00025125625739580616,0.0003130936080768393,0.00006696315832092217,0.004155577538847115,0.0009408362671976578,0.00025113742882562574,0.001029508016592886,0.001183245511286442,0.0017837448875363422,0.0000637971233584373,0.000763637183477624,0.00010545856911525544,0.00045899774924142774,0.001280218062459158,0.002045747179815677,0.00013345546607823204,0.00008401112064582458,0.0002999352388823609,0.00009365711550885552,0.0011208782876155382,0.0011320583026654665,0.00015592171843984876,0.00048721337689643963,0.0005903549415091142,0.00001984482536501011,0.00005451728481933956,0.00016752692351105694,0.0002573802429767735,0.0009916927232876882,0.002045540733164941,0.0008992406103183052,0.0011913709002902221,0.00024522858563512693,0.00003115769594226704,0.000038144575662901536,0.00007030786547116089,0.000011926661261299089,0.000017129350419027154,0.000014565538895370602,0.000011285404646151735,0.00001298319090525066,0.000009644959118310243,0.000041280191220777674,0.000011771615042828271,0.00001264023815411702,0.000015739902933738242,0.00001931623037476062,0.000028841711063700004,0.000058398432580562834,0.000009722133139649715,0.00000914316270386344,0.000025912409974176893,0.000010371537017515437,0.0000101672952806895,0.00005681644931054308,0.0000831393907967587,0.000013590639280182498,0.000020702162579218527,0.000011141304609657763,0.00010051755930275155,0.00006476756470128622,0.00007473389164128704,0.000026694620128985643,0.000052000086486490905,0.00006294689272816275,0.00006530381247473927,0.0000573227938605167,0.000026169212508098876,0.000014711665846695453,0.00005034401066335952,0.00029193414559328384,0.00003986405048091527,0.00004184776921406446,0.00009184444175493111,0.000245038787426237,0.00003593869843330073,0.000033569156805738136,0.0002521167299313527,0.000031904579502159426,0.00020407601605911137,0.0001548262151602881,0.00006623509399199522,0.00031229035821480483,0.0001613180478562529,0.000012758720786048647,0.000016307915853474695,0.00006633643005464639,0.00006318770152632827,0.00002014172252710471,0.00005284680656022649,0.0002203220606429272,0.0003908308197287098,0.0002866462700129986,0.00008772428745655615,0.00020082860771549268,0.00024367348226866125,0.0010071041652263918,0.0006569804643539055,0.00011686253639240743,0.00018295500670357083,0.0004025145285350785,0.0006246201779853513,0.0003170513926865645,0.00029628843402262905,0.00011005642633206101,0.00010528538739483175,0.00009861187164622637,0.00010005198600270193,0.00009795417800985759,